2	01/Aug/1995	00	4	1635	0.0024464831804281344	4
2	01/Aug/1995	01	18	1365	0.013186813186813187	7
2	01/Aug/1995	02	5	986	0.005070993914807302	2
2	01/Aug/1995	03	85	1217	0.06984387838948233	16
2	01/Aug/1995	04	1	985	0.0010152284263959391	1
2	01/Aug/1995	05	5	1145	0.004366812227074236	4
2	01/Aug/1995	06	1	1020	9.80392156862745E-4	1
2	01/Aug/1995	07	9	1778	0.005061867266591676	6
2	01/Aug/1995	08	30	2857	0.010500525026251312	11
2	01/Aug/1995	09	11	3199	0.0034385745545482964	7
2	01/Aug/1995	10	18	3781	0.004760645331922771	14
2	01/Aug/1995	11	17	4044	0.0042037586547972305	9
2	01/Aug/1995	12	18	4424	0.00406871609403255	9
2	01/Aug/1995	13	10	3282	0.0030469226081657527	5
2	01/Aug/1995	14	11	2189	0.005025125628140704	4
1	01/Jul/1995	00	24	3558	0.006745362563237774	12
1	01/Jul/1995	01	10	2989	0.0033456005352960855	7
1	01/Jul/1995	02	12	2268	0.005291005291005291	9
1	01/Jul/1995	03	15	1721	0.008715862870424172	4
1	01/Jul/1995	04	10	1474	0.0067842605156037995	8
1	01/Jul/1995	05	9	1340	0.006716417910447761	5
1	01/Jul/1995	06	4	1528	0.002617801047120419	3
1	01/Jul/1995	07	2	1553	0.00128783000643915	1
1	01/Jul/1995	08	6	1905	0.0031496062992125984	4
1	01/Jul/1995	09	3	2093	0.001433349259436216	2
1	01/Jul/1995	10	12	3045	0.003940886699507389	6
1	01/Jul/1995	11	23	3419	0.006727113190991518	13
1	01/Jul/1995	12	10	2762	0.003620564808110065	7
1	01/Jul/1995	13	13	3085	0.004213938411669368	10
1	01/Jul/1995	14	19	3131	0.006068348770360907	14
1	01/Jul/1995	15	17	3257	0.0052195271722443965	12
1	01/Jul/1995	16	14	3187	0.004392845936617509	9
1	01/Jul/1995	17	15	3658	0.004100601421541826	9
1	01/Jul/1995	18	15	3192	0.004699248120300752	11
1	01/Jul/1995	19	16	2822	0.005669737774627924	11
1	01/Jul/1995	20	10	2940	0.003401360544217687	8
1	01/Jul/1995	21	24	3485	0.006886657101865136	12
1	01/Jul/1995	22	18	3259	0.005523166615526235	12
1	01/Jul/1995	23	13	2852	0.00455820476858345	7
1	02/Jul/1995	00	20	2855	0.0070052539404553416	11
1	02/Jul/1995	01	15	2564	0.005850234009360375	9
1	02/Jul/1995	02	8	2054	0.0038948393378773127	4
1	02/Jul/1995	03	7	1505	0.004651162790697674	5
1	02/Jul/1995	04	2	1286	0.0015552099533437014	2
1	02/Jul/1995	05	3	1286	0.0023328149300155523	3
1	02/Jul/1995	06	10	1272	0.007861635220125786	4
1	02/Jul/1995	07	8	1226	0.0065252854812398045	6
1	02/Jul/1995	08	16	1430	0.011188811188811189	2
1	02/Jul/1995	09	14	1894	0.007391763463569166	8
1	02/Jul/1995	10	7	2111	0.0033159639981051635	5
1	02/Jul/1995	11	9	2447	0.0036779730281977932	7
1	02/Jul/1995	12	14	3106	0.004507405022537025	8
1	02/Jul/1995	13	12	2911	0.004122294744074201	6
1	02/Jul/1995	14	11	3047	0.0036101083032490976	6
1	02/Jul/1995	15	14	2731	0.005126327352618088	10
1	02/Jul/1995	16	32	3131	0.010220376876397317	14
1	02/Jul/1995	17	4	3534	0.0011318619128466328	4
1	02/Jul/1995	18	15	3174	0.004725897920604915	8
1	02/Jul/1995	19	9	2781	0.003236245954692557	8
1	02/Jul/1995	20	10	2958	0.0033806626098715348	5
1	02/Jul/1995	21	11	3379	0.0032554010062148565	8
1	02/Jul/1995	22	15	3715	0.004037685060565276	7
1	02/Jul/1995	23	28	3713	0.007541071909507137	10
2	03/Aug/1995	04	0	16	0.0	0
2	03/Aug/1995	05	0	43	0.0	0
2	03/Aug/1995	06	2	70	0.02857142857142857	1
2	03/Aug/1995	07	0	58	0.0	0
2	03/Aug/1995	08	0	114	0.0	0
2	03/Aug/1995	09	0	22	0.0	0
2	03/Aug/1995	10	0	57	0.0	0
2	03/Aug/1995	11	12	2435	0.004928131416837783	8
2	03/Aug/1995	12	45	5170	0.008704061895551257	29
2	03/Aug/1995	13	38	3755	0.010119840213049267	22
2	03/Aug/1995	14	10	4053	0.002467308166790032	9
2	03/Aug/1995	15	13	4518	0.002877379371403276	11
2	03/Aug/1995	16	40	4303	0.009295840111550081	22
2	03/Aug/1995	17	26	3807	0.006829524560021014	10
2	03/Aug/1995	18	22	2801	0.00785433773652267	11
2	03/Aug/1995	19	11	1766	0.00622876557191393	6
2	03/Aug/1995	20	25	2525	0.009900990099009901	8
2	03/Aug/1995	21	28	1828	0.015317286652078774	9
2	03/Aug/1995	22	11	2273	0.004839419269687638	9
2	03/Aug/1995	23	16	1697	0.009428403064230996	5
1	03/Jul/1995	00	15	3001	0.004998333888703766	11
1	03/Jul/1995	01	8	2390	0.0033472803347280333	5
1	03/Jul/1995	02	12	2204	0.0054446460980036296	7
1	03/Jul/1995	03	6	2029	0.002957121734844751	6
1	03/Jul/1995	04	7	1537	0.004554326610279766	5
1	03/Jul/1995	05	7	1744	0.0040137614678899085	3
1	03/Jul/1995	06	6	1703	0.0035231943628890195	4
1	03/Jul/1995	07	17	2860	0.005944055944055944	9
1	03/Jul/1995	08	14	3669	0.0038157536113382394	11
1	03/Jul/1995	09	58	4779	0.01213643021552626	18
1	03/Jul/1995	10	72	4512	0.015957446808510637	16
1	03/Jul/1995	11	17	4779	0.003557229545930111	12
1	03/Jul/1995	12	21	5535	0.003794037940379404	17
1	03/Jul/1995	13	15	6013	0.002494595044071179	14
1	03/Jul/1995	14	36	5504	0.006540697674418605	18
1	03/Jul/1995	15	27	5601	0.0048205677557579	18
1	03/Jul/1995	16	29	5386	0.0053843297437801705	12
1	03/Jul/1995	17	37	4540	0.00814977973568282	17
1	03/Jul/1995	18	13	3444	0.003774680603948897	7
1	03/Jul/1995	19	20	3711	0.0053893829156561575	13
1	03/Jul/1995	20	17	3760	0.0045212765957446804	12
1	03/Jul/1995	21	19	3813	0.004982953055337005	9
1	03/Jul/1995	22	18	3185	0.00565149136577708	12
1	03/Jul/1995	23	37	3712	0.009967672413793104	15
2	04/Aug/1995	00	11	1218	0.0090311986863711	7
2	04/Aug/1995	01	4	1707	0.0023432923257176333	4
2	04/Aug/1995	02	6	1117	0.005371530886302597	4
2	04/Aug/1995	03	6	1211	0.00495458298926507	3
2	04/Aug/1995	04	2	1123	0.0017809439002671415	2
2	04/Aug/1995	05	4	1187	0.003369839932603201	3
2	04/Aug/1995	06	2	1438	0.0013908205841446453	2
2	04/Aug/1995	07	9	1856	0.004849137931034483	4
2	04/Aug/1995	08	15	2822	0.005315379163713678	8
2	04/Aug/1995	09	13	3277	0.003967043027158987	9
2	04/Aug/1995	10	30	4084	0.007345739471106758	11
2	04/Aug/1995	11	16	3501	0.004570122822050843	10
2	04/Aug/1995	12	14	3837	0.0036486838676048996	11
2	04/Aug/1995	13	11	4393	0.002503983610289096	9
2	04/Aug/1995	14	7	3537	0.0019790783149561775	6
2	04/Aug/1995	15	32	4056	0.007889546351084813	20
2	04/Aug/1995	16	37	4627	0.007996542035876377	19
2	04/Aug/1995	17	18	2968	0.006064690026954178	11
2	04/Aug/1995	18	41	2423	0.01692117210070161	15
2	04/Aug/1995	19	13	2129	0.0061061531235321745	8
2	04/Aug/1995	20	24	1953	0.01228878648233487	14
2	04/Aug/1995	21	9	1669	0.005392450569203115	7
2	04/Aug/1995	22	8	1658	0.0048250904704463205	5
2	04/Aug/1995	23	12	1672	0.007177033492822967	7
1	04/Jul/1995	00	11	3133	0.0035110118097669966	7
1	04/Jul/1995	01	20	2821	0.007089684509039348	12
1	04/Jul/1995	02	10	2529	0.0039541320680110716	7
1	04/Jul/1995	03	9	1992	0.004518072289156626	4
1	04/Jul/1995	04	0	1743	0.0	0
1	04/Jul/1995	05	8	1730	0.004624277456647399	5
1	04/Jul/1995	06	5	1707	0.0029291154071470417	5
1	04/Jul/1995	07	3	2152	0.0013940520446096654	3
1	04/Jul/1995	08	13	3005	0.004326123128119801	12
1	04/Jul/1995	09	12	3055	0.003927986906710311	9
1	04/Jul/1995	10	17	3576	0.0047539149888143175	11
1	04/Jul/1995	11	28	3573	0.00783655191715645	9
1	04/Jul/1995	12	11	3401	0.003234342840341076	7
1	04/Jul/1995	13	18	3550	0.0050704225352112674	15
1	04/Jul/1995	14	19	3268	0.005813953488372093	11
1	04/Jul/1995	15	23	4160	0.005528846153846154	17
1	04/Jul/1995	16	30	3565	0.008415147265077139	14
1	04/Jul/1995	17	17	3692	0.004604550379198266	10
1	04/Jul/1995	18	41	2905	0.014113597246127367	9
1	04/Jul/1995	19	3	2953	0.001015916017609211	3
1	04/Jul/1995	20	10	2681	0.003729951510630362	6
1	04/Jul/1995	21	12	2670	0.0044943820224719105	6
1	04/Jul/1995	22	12	2941	0.004080244814688882	7
1	04/Jul/1995	23	27	3536	0.007635746606334841	13
2	05/Aug/1995	00	5	1306	0.0038284839203675345	4
2	05/Aug/1995	01	17	1351	0.012583271650629163	5
2	05/Aug/1995	02	15	1169	0.01283147989734816	10
2	05/Aug/1995	03	3	754	0.003978779840848806	3
2	05/Aug/1995	04	2	565	0.0035398230088495575	1
2	05/Aug/1995	05	6	714	0.008403361344537815	3
2	05/Aug/1995	06	3	646	0.0046439628482972135	2
2	05/Aug/1995	07	3	747	0.004016064257028112	3
2	05/Aug/1995	08	9	970	0.009278350515463918	5
2	05/Aug/1995	09	7	1253	0.00558659217877095	6
2	05/Aug/1995	10	3	1205	0.0024896265560165973	3
2	05/Aug/1995	11	16	1534	0.010430247718383311	13
2	05/Aug/1995	12	14	1690	0.008284023668639054	8
2	05/Aug/1995	13	15	1947	0.007704160246533128	7
2	05/Aug/1995	14	13	1809	0.007186290768380321	9
2	05/Aug/1995	15	23	1476	0.015582655826558265	8
2	05/Aug/1995	16	10	1816	0.005506607929515419	7
2	05/Aug/1995	17	11	1532	0.007180156657963447	7
2	05/Aug/1995	18	8	1607	0.004978220286247666	4
2	05/Aug/1995	19	4	1273	0.003142183817753339	2
2	05/Aug/1995	20	8	1746	0.004581901489117984	5
2	05/Aug/1995	21	16	1502	0.010652463382157125	6
2	05/Aug/1995	22	11	1719	0.006399069226294357	9
2	05/Aug/1995	23	10	1488	0.006720430107526882	9
1	05/Jul/1995	00	25	2501	0.009996001599360257	10
1	05/Jul/1995	01	34	2028	0.016765285996055226	10
1	05/Jul/1995	02	8	1932	0.004140786749482402	7
1	05/Jul/1995	03	8	1988	0.004024144869215292	3
1	05/Jul/1995	04	4	1479	0.002704530087897228	3
1	05/Jul/1995	05	4	1634	0.0024479804161566705	2
1	05/Jul/1995	06	5	1809	0.002763957987838585	5
1	05/Jul/1995	07	15	2988	0.0050200803212851405	4
1	05/Jul/1995	08	29	3822	0.007587650444793302	11
1	05/Jul/1995	09	19	4415	0.004303510758776897	12
1	05/Jul/1995	10	21	4971	0.004224502112251056	12
1	05/Jul/1995	11	12	6173	0.00194394945731411	12
1	05/Jul/1995	12	22	6162	0.0035702693930542034	14
1	05/Jul/1995	13	8	5108	0.0015661707126076742	8
1	05/Jul/1995	14	32	8027	0.003986545409243802	18
1	05/Jul/1995	15	38	6752	0.005627962085308057	15
1	05/Jul/1995	16	35	7180	0.004874651810584958	22
1	05/Jul/1995	17	17	4720	0.0036016949152542373	8
1	05/Jul/1995	18	31	4241	0.007309596793209149	16
1	05/Jul/1995	19	22	3979	0.005529027393817542	13
1	05/Jul/1995	20	21	3128	0.006713554987212276	9
1	05/Jul/1995	21	9	3132	0.0028735632183908046	5
1	05/Jul/1995	22	26	3204	0.008114856429463172	14
1	05/Jul/1995	23	49	3014	0.01625746516257465	11
2	06/Aug/1995	00	13	1946	0.006680369989722507	10
2	06/Aug/1995	01	5	1063	0.004703668861712135	3
2	06/Aug/1995	02	100	1066	0.09380863039399624	11
2	06/Aug/1995	03	65	825	0.07878787878787878	15
2	06/Aug/1995	04	4	616	0.006493506493506494	3
2	06/Aug/1995	05	3	709	0.004231311706629055	2
2	06/Aug/1995	06	7	646	0.010835913312693499	3
2	06/Aug/1995	07	2	540	0.003703703703703704	1
2	06/Aug/1995	08	1	600	0.0016666666666666668	1
2	06/Aug/1995	09	13	1209	0.010752688172043012	6
2	06/Aug/1995	10	11	1323	0.008314436885865457	9
2	06/Aug/1995	11	15	1341	0.011185682326621925	5
2	06/Aug/1995	12	14	1428	0.00980392156862745	7
2	06/Aug/1995	13	7	1356	0.005162241887905605	5
2	06/Aug/1995	14	10	1740	0.005747126436781609	6
2	06/Aug/1995	15	9	2181	0.0041265474552957355	7
2	06/Aug/1995	16	30	1951	0.015376729882111738	8
2	06/Aug/1995	17	7	1853	0.0037776578521316784	6
2	06/Aug/1995	18	12	1777	0.006752954417557681	10
2	06/Aug/1995	19	12	1613	0.007439553626782393	8
2	06/Aug/1995	20	11	1390	0.007913669064748202	8
2	06/Aug/1995	21	3	1580	0.0018987341772151898	3
2	06/Aug/1995	22	11	2179	0.005048187241854061	9
2	06/Aug/1995	23	6	1422	0.004219409282700422	5
1	06/Jul/1995	00	24	2648	0.00906344410876133	16
1	06/Jul/1995	01	38	1937	0.01961796592669076	6
1	06/Jul/1995	02	5	1801	0.00277623542476402	5
1	06/Jul/1995	03	2	1539	0.001299545159194282	2
1	06/Jul/1995	04	6	1429	0.004198740377886634	3
1	06/Jul/1995	05	7	1652	0.00423728813559322	5
1	06/Jul/1995	06	14	1830	0.007650273224043716	8
1	06/Jul/1995	07	6	2755	0.002177858439201452	6
1	06/Jul/1995	08	13	4189	0.0031033659584626403	9
1	06/Jul/1995	09	23	5005	0.004595404595404595	18
1	06/Jul/1995	10	49	5813	0.00842938241871667	26
1	06/Jul/1995	11	35	6393	0.005474737994681683	22
1	06/Jul/1995	12	56	6401	0.008748633026089674	22
1	06/Jul/1995	13	23	6923	0.0033222591362126247	18
1	06/Jul/1995	14	30	6897	0.004349717268377556	21
1	06/Jul/1995	15	34	7055	0.004819277108433735	18
1	06/Jul/1995	16	36	6673	0.0053948748688745695	16
1	06/Jul/1995	17	33	5473	0.006029599853827883	22
1	06/Jul/1995	18	30	4784	0.006270903010033445	19
1	06/Jul/1995	19	32	4220	0.007582938388625593	16
1	06/Jul/1995	20	27	4045	0.006674907292954265	20
1	06/Jul/1995	21	37	3463	0.010684377707190298	25
1	06/Jul/1995	22	43	3952	0.010880566801619434	31
1	06/Jul/1995	23	32	3896	0.008213552361396304	17
2	07/Aug/1995	00	13	1420	0.009154929577464789	7
2	07/Aug/1995	01	18	1211	0.01486374896779521	9
2	07/Aug/1995	02	158	1374	0.11499272197962154	23
2	07/Aug/1995	03	15	1243	0.012067578439259855	8
2	07/Aug/1995	04	2	1001	0.001998001998001998	2
2	07/Aug/1995	05	2	944	0.00211864406779661	2
2	07/Aug/1995	06	7	1149	0.006092254134029591	5
2	07/Aug/1995	07	4	1856	0.0021551724137931034	2
2	07/Aug/1995	08	13	2511	0.005177220230983672	7
2	07/Aug/1995	09	9	3380	0.0026627218934911242	6
2	07/Aug/1995	10	17	3280	0.005182926829268293	10
2	07/Aug/1995	11	32	3655	0.008755129958960328	11
2	07/Aug/1995	12	53	4302	0.012319851231985124	20
2	07/Aug/1995	13	28	4399	0.006365082973403046	13
2	07/Aug/1995	14	11	3697	0.0029753854476602653	8
2	07/Aug/1995	15	29	4201	0.006903118305165437	13
2	07/Aug/1995	16	15	3802	0.003945291951604419	8
2	07/Aug/1995	17	15	2044	0.007338551859099804	8
2	07/Aug/1995	18	21	2444	0.008592471358428805	15
2	07/Aug/1995	19	20	1838	0.01088139281828074	9
2	07/Aug/1995	20	9	1845	0.004878048780487805	6
2	07/Aug/1995	21	8	2033	0.003935071323167732	6
2	07/Aug/1995	22	7	1851	0.0037817396002160996	3
2	07/Aug/1995	23	19	1793	0.010596765197992191	8
1	07/Jul/1995	00	13	2675	0.00485981308411215	11
1	07/Jul/1995	01	18	2635	0.00683111954459203	6
1	07/Jul/1995	02	15	2182	0.0068744271310724105	9
1	07/Jul/1995	03	12	1587	0.007561436672967864	5
1	07/Jul/1995	04	15	1361	0.011021307861866276	7
1	07/Jul/1995	05	6	959	0.006256517205422315	4
1	07/Jul/1995	06	8	1168	0.00684931506849315	6
1	07/Jul/1995	07	10	2319	0.004312203536006899	8
1	07/Jul/1995	08	32	4841	0.006610204503201818	20
1	07/Jul/1995	09	24	5403	0.004441976679622432	16
1	07/Jul/1995	10	30	5936	0.005053908355795148	20
1	07/Jul/1995	11	29	6506	0.004457423916384875	18
1	07/Jul/1995	12	24	6784	0.003537735849056604	17
1	07/Jul/1995	13	39	5950	0.006554621848739495	22
1	07/Jul/1995	14	24	4693	0.005113999573833369	19
1	07/Jul/1995	15	37	5741	0.0064448702316669566	15
1	07/Jul/1995	16	42	5444	0.007714915503306392	22
1	07/Jul/1995	17	31	4991	0.006211180124223602	17
1	07/Jul/1995	18	34	3332	0.01020408163265306	17
1	07/Jul/1995	19	27	2549	0.010592389172224402	13
1	07/Jul/1995	20	15	2679	0.005599104143337066	13
1	07/Jul/1995	21	24	2450	0.009795918367346938	14
1	07/Jul/1995	22	32	2460	0.013008130081300813	13
1	07/Jul/1995	23	24	2436	0.009852216748768473	14
2	08/Aug/1995	00	29	1406	0.020625889046941678	11
2	08/Aug/1995	01	17	1612	0.01054590570719603	9
2	08/Aug/1995	02	10	1242	0.008051529790660225	7
2	08/Aug/1995	03	3	1031	0.002909796314258002	2
2	08/Aug/1995	04	4	805	0.004968944099378882	3
2	08/Aug/1995	05	1	763	0.001310615989515072	1
2	08/Aug/1995	06	3	1093	0.0027447392497712718	2
2	08/Aug/1995	07	7	1524	0.004593175853018373	1
2	08/Aug/1995	08	27	2121	0.01272984441301273	9
2	08/Aug/1995	09	15	3207	0.004677268475210477	7
2	08/Aug/1995	10	15	2844	0.005274261603375527	11
2	08/Aug/1995	11	3	3061	9.800718719372753E-4	3
2	08/Aug/1995	12	12	3194	0.003757044458359424	8
2	08/Aug/1995	13	48	4056	0.011834319526627219	16
2	08/Aug/1995	14	15	4097	0.00366121552355382	11
2	08/Aug/1995	15	14	5084	0.0027537372147915028	9
2	08/Aug/1995	16	28	4066	0.006886374815543532	15
2	08/Aug/1995	17	20	3200	0.00625	10
2	08/Aug/1995	18	11	3101	0.003547242824895195	4
2	08/Aug/1995	19	10	2629	0.003803727653100038	8
2	08/Aug/1995	20	37	2591	0.014280200694712466	5
2	08/Aug/1995	21	19	2404	0.007903494176372712	10
2	08/Aug/1995	22	26	2696	0.009643916913946587	9
2	08/Aug/1995	23	14	2134	0.006560449859418931	9
1	08/Jul/1995	00	23	2341	0.009824861170439982	13
1	08/Jul/1995	01	12	1707	0.007029876977152899	8
1	08/Jul/1995	02	22	1279	0.017200938232994525	10
1	08/Jul/1995	03	4	873	0.004581901489117984	3
1	08/Jul/1995	04	2	647	0.0030911901081916537	2
1	08/Jul/1995	05	5	862	0.00580046403712297	5
1	08/Jul/1995	06	1	791	0.0012642225031605564	1
1	08/Jul/1995	07	2	894	0.0022371364653243847	2
1	08/Jul/1995	08	2	1010	0.0019801980198019802	2
1	08/Jul/1995	09	10	1276	0.007836990595611285	6
1	08/Jul/1995	10	11	1868	0.005888650963597431	5
1	08/Jul/1995	11	16	1556	0.010282776349614395	6
1	08/Jul/1995	12	19	1714	0.011085180863477246	9
1	08/Jul/1995	13	8	1914	0.0041797283176593526	7
1	08/Jul/1995	14	25	2385	0.010482180293501049	13
1	08/Jul/1995	15	16	1985	0.008060453400503778	9
1	08/Jul/1995	16	25	2343	0.010670081092616303	8
1	08/Jul/1995	17	19	2324	0.008175559380378658	9
1	08/Jul/1995	18	20	1787	0.01119194180190263	7
1	08/Jul/1995	19	12	1782	0.006734006734006734	5
1	08/Jul/1995	20	9	1662	0.005415162454873646	4
1	08/Jul/1995	21	17	1862	0.009129967776584319	8
1	08/Jul/1995	22	13	1890	0.0068783068783068784	9
1	08/Jul/1995	23	6	2010	0.0029850746268656717	5
2	09/Aug/1995	00	7	2038	0.0034347399411187437	7
2	09/Aug/1995	01	5	1152	0.004340277777777778	3
2	09/Aug/1995	02	5	1344	0.003720238095238095	5
2	09/Aug/1995	03	9	1351	0.006661732050333087	5
2	09/Aug/1995	04	7	1009	0.006937561942517344	5
2	09/Aug/1995	05	6	1049	0.005719733079122974	4
2	09/Aug/1995	06	10	1044	0.009578544061302681	7
2	09/Aug/1995	07	5	1857	0.0026925148088314485	4
2	09/Aug/1995	08	6	2996	0.0020026702269692926	4
2	09/Aug/1995	09	9	3706	0.0024284943335132216	8
2	09/Aug/1995	10	26	3684	0.007057546145494028	14
2	09/Aug/1995	11	17	4168	0.004078694817658349	7
2	09/Aug/1995	12	10	3269	0.0030590394616090547	7
2	09/Aug/1995	13	14	2620	0.0053435114503816794	7
2	09/Aug/1995	14	15	3460	0.004335260115606936	11
2	09/Aug/1995	15	25	4322	0.005784359093012495	12
2	09/Aug/1995	16	30	3832	0.007828810020876827	9
2	09/Aug/1995	17	11	3702	0.002971366828741221	8
2	09/Aug/1995	18	7	2541	0.0027548209366391185	5
2	09/Aug/1995	19	13	2714	0.004789977892409728	10
2	09/Aug/1995	20	18	2144	0.008395522388059701	5
2	09/Aug/1995	21	9	2284	0.00394045534150613	7
2	09/Aug/1995	22	6	2100	0.002857142857142857	6
2	09/Aug/1995	23	9	2029	0.004435682602267127	6
1	09/Jul/1995	00	11	1583	0.006948831332912192	10
1	09/Jul/1995	01	9	1507	0.005972130059721301	5
1	09/Jul/1995	02	25	1232	0.020292207792207792	7
1	09/Jul/1995	03	7	1002	0.006986027944111776	6
1	09/Jul/1995	04	16	766	0.020887728459530026	10
1	09/Jul/1995	05	0	397	0.0	0
1	09/Jul/1995	06	7	441	0.015873015873015872	2
1	09/Jul/1995	07	3	484	0.006198347107438017	2
1	09/Jul/1995	08	0	708	0.0	0
1	09/Jul/1995	09	10	1064	0.009398496240601503	4
1	09/Jul/1995	10	18	1272	0.014150943396226415	6
1	09/Jul/1995	11	18	1933	0.009311950336264873	8
1	09/Jul/1995	12	11	1836	0.005991285403050109	7
1	09/Jul/1995	13	13	1632	0.007965686274509803	8
1	09/Jul/1995	14	13	2041	0.006369426751592357	6
1	09/Jul/1995	15	19	1755	0.010826210826210826	8
1	09/Jul/1995	16	18	2213	0.008133755083596927	11
1	09/Jul/1995	17	15	1836	0.008169934640522876	11
1	09/Jul/1995	18	13	1724	0.0075406032482598605	8
1	09/Jul/1995	19	26	1678	0.015494636471990465	16
1	09/Jul/1995	20	34	2308	0.014731369150779897	19
1	09/Jul/1995	21	26	2161	0.012031466913465988	9
1	09/Jul/1995	22	21	1848	0.011363636363636364	9
1	09/Jul/1995	23	8	1767	0.004527447651386531	7
2	10/Aug/1995	00	15	1748	0.008581235697940504	7
2	10/Aug/1995	01	9	1382	0.006512301013024602	3
2	10/Aug/1995	02	33	1187	0.02780117944397641	5
2	10/Aug/1995	03	6	1202	0.004991680532445923	4
2	10/Aug/1995	04	1	1014	9.861932938856016E-4	1
2	10/Aug/1995	05	1	1246	8.025682182985554E-4	1
2	10/Aug/1995	06	5	1235	0.004048582995951417	3
2	10/Aug/1995	07	11	2153	0.005109150023223409	8
2	10/Aug/1995	08	10	3026	0.003304692663582287	6
2	10/Aug/1995	09	6	3258	0.001841620626151013	6
2	10/Aug/1995	10	31	3751	0.008264462809917356	12
2	10/Aug/1995	11	2	3559	5.61955605507165E-4	2
2	10/Aug/1995	12	17	3905	0.004353393085787452	10
2	10/Aug/1995	13	18	3974	0.004529441368897836	13
2	10/Aug/1995	14	14	4180	0.0033492822966507177	13
2	10/Aug/1995	15	16	4700	0.003404255319148936	10
2	10/Aug/1995	16	11	3439	0.00319860424542018	5
2	10/Aug/1995	17	24	3133	0.007660389403127992	13
2	10/Aug/1995	18	8	2144	0.0037313432835820895	6
2	10/Aug/1995	19	15	2314	0.00648228176318064	9
2	10/Aug/1995	20	24	2034	0.011799410029498525	10
2	10/Aug/1995	21	8	2157	0.0037088548910523874	5
2	10/Aug/1995	22	18	2569	0.0070066173608407945	7
2	10/Aug/1995	23	12	1779	0.006745362563237774	5
1	10/Jul/1995	00	6	1835	0.0032697547683923707	3
1	10/Jul/1995	01	7	1520	0.004605263157894736	3
1	10/Jul/1995	02	8	1297	0.006168080185042405	7
1	10/Jul/1995	03	1	906	0.0011037527593818985	1
1	10/Jul/1995	04	1	785	0.0012738853503184713	1
1	10/Jul/1995	05	5	773	0.00646830530401035	4
1	10/Jul/1995	06	4	1221	0.003276003276003276	4
1	10/Jul/1995	07	5	1528	0.0032722513089005235	3
1	10/Jul/1995	08	16	2892	0.005532503457814661	8
1	10/Jul/1995	09	19	3797	0.005003950487226758	10
1	10/Jul/1995	10	11	4200	0.002619047619047619	8
1	10/Jul/1995	11	33	4911	0.006719609040928528	13
1	10/Jul/1995	12	28	5002	0.005597760895641743	15
1	10/Jul/1995	13	15	4460	0.0033632286995515697	11
1	10/Jul/1995	14	31	5072	0.00611198738170347	18
1	10/Jul/1995	15	41	5311	0.0077198267746187155	16
1	10/Jul/1995	16	22	5125	0.004292682926829269	12
1	10/Jul/1995	17	23	4529	0.005078383749172003	15
1	10/Jul/1995	18	19	3447	0.005512039454598201	10
1	10/Jul/1995	19	13	3213	0.0040460628695922814	8
1	10/Jul/1995	20	16	2806	0.005702066999287242	12
1	10/Jul/1995	21	22	2718	0.008094186902133923	17
1	10/Jul/1995	22	20	2814	0.007107320540156361	8
1	10/Jul/1995	23	25	2493	0.010028078620136383	11
2	11/Aug/1995	00	4	1497	0.0026720106880427524	4
2	11/Aug/1995	01	2	1312	0.001524390243902439	2
2	11/Aug/1995	02	11	1324	0.008308157099697885	4
2	11/Aug/1995	03	5	1154	0.004332755632582322	4
2	11/Aug/1995	04	12	993	0.012084592145015106	5
2	11/Aug/1995	05	0	1157	0.0	0
2	11/Aug/1995	06	5	1428	0.0035014005602240898	3
2	11/Aug/1995	07	11	1985	0.0055415617128463475	6
2	11/Aug/1995	08	10	2651	0.003772161448509996	7
2	11/Aug/1995	09	9	3415	0.0026354319180087846	8
2	11/Aug/1995	10	9	3814	0.0023597273203985318	8
2	11/Aug/1995	11	4	3472	0.001152073732718894	3
2	11/Aug/1995	12	42	4551	0.00922874093605801	12
2	11/Aug/1995	13	6	4168	0.0014395393474088292	4
2	11/Aug/1995	14	29	4673	0.006205863471003638	11
2	11/Aug/1995	15	27	4724	0.00571549534292972	14
2	11/Aug/1995	16	23	4049	0.005680414917263522	9
2	11/Aug/1995	17	21	3131	0.00670712232513574	8
2	11/Aug/1995	18	3	2284	0.0013134851138353765	3
2	11/Aug/1995	19	10	1973	0.00506842372022301	4
2	11/Aug/1995	20	6	2191	0.0027384755819260614	5
2	11/Aug/1995	21	9	2137	0.004211511464670099	5
2	11/Aug/1995	22	9	1862	0.004833512352309345	4
2	11/Aug/1995	23	3	1194	0.002512562814070352	3
1	11/Jul/1995	00	21	1968	0.010670731707317074	12
1	11/Jul/1995	01	36	1516	0.023746701846965697	8
1	11/Jul/1995	02	12	1232	0.00974025974025974	3
1	11/Jul/1995	03	8	1285	0.0062256809338521405	6
1	11/Jul/1995	04	9	1106	0.0081374321880651	6
1	11/Jul/1995	05	3	1112	0.002697841726618705	2
1	11/Jul/1995	06	8	1287	0.006216006216006216	6
1	11/Jul/1995	07	17	2569	0.006617360840794083	9
1	11/Jul/1995	08	29	3592	0.008073496659242762	14
1	11/Jul/1995	09	18	3570	0.005042016806722689	8
1	11/Jul/1995	10	15	4446	0.0033738191632928477	5
1	11/Jul/1995	11	19	4733	0.004014367208958377	14
1	11/Jul/1995	12	15	5503	0.002725785934944576	6
1	11/Jul/1995	13	21	5323	0.003945143715949653	11
1	11/Jul/1995	14	64	6059	0.01056279914177257	16
1	11/Jul/1995	15	38	5603	0.0067820810280207035	16
1	11/Jul/1995	16	15	5544	0.0027056277056277055	12
1	11/Jul/1995	17	30	4473	0.00670690811535882	16
1	11/Jul/1995	18	16	3908	0.0040941658137154556	10
1	11/Jul/1995	19	25	3604	0.0069367369589345175	13
1	11/Jul/1995	20	16	3266	0.004898958971218616	11
1	11/Jul/1995	21	11	2780	0.003956834532374101	8
1	11/Jul/1995	22	18	2855	0.006304728546409807	11
1	11/Jul/1995	23	5	2878	0.0017373175816539264	4
2	12/Aug/1995	00	2	1480	0.0013513513513513514	2
2	12/Aug/1995	01	2	1206	0.001658374792703151	2
2	12/Aug/1995	02	2	753	0.0026560424966799467	2
2	12/Aug/1995	03	3	747	0.004016064257028112	3
2	12/Aug/1995	04	6	937	0.0064034151547491995	4
2	12/Aug/1995	05	1	817	0.0012239902080783353	1
2	12/Aug/1995	06	3	803	0.0037359900373599006	3
2	12/Aug/1995	07	8	849	0.009422850412249705	5
2	12/Aug/1995	08	3	1000	0.003	2
2	12/Aug/1995	09	6	1167	0.005141388174807198	6
2	12/Aug/1995	10	13	2041	0.006369426751592357	5
2	12/Aug/1995	11	7	1801	0.003886729594669628	6
2	12/Aug/1995	12	13	1602	0.008114856429463172	7
2	12/Aug/1995	13	10	2069	0.004833252779120348	6
2	12/Aug/1995	14	8	1779	0.004496908375491849	6
2	12/Aug/1995	15	13	2140	0.006074766355140187	8
2	12/Aug/1995	16	5	2072	0.002413127413127413	4
2	12/Aug/1995	17	20	2315	0.008639308855291577	9
2	12/Aug/1995	18	10	2008	0.0049800796812749	6
2	12/Aug/1995	19	6	1840	0.003260869565217391	4
2	12/Aug/1995	20	17	2030	0.008374384236453201	10
2	12/Aug/1995	21	4	1798	0.002224694104560623	2
2	12/Aug/1995	22	7	2377	0.002944888514934792	3
2	12/Aug/1995	23	23	2338	0.009837467921300257	7
1	12/Jul/1995	00	6	2310	0.0025974025974025974	4
1	12/Jul/1995	01	9	1955	0.004603580562659846	7
1	12/Jul/1995	02	8	2033	0.003935071323167732	4
1	12/Jul/1995	03	1	1458	6.858710562414266E-4	1
1	12/Jul/1995	04	1	1478	6.765899864682003E-4	1
1	12/Jul/1995	05	4	1436	0.002785515320334262	3
1	12/Jul/1995	06	4	1829	0.002186987424822307	4
1	12/Jul/1995	07	12	2411	0.004977187888842804	7
1	12/Jul/1995	08	8	3902	0.0020502306509482316	6
1	12/Jul/1995	09	9	4757	0.0018919487071683834	8
1	12/Jul/1995	10	82	5237	0.015657819362230284	13
1	12/Jul/1995	11	28	6015	0.004655029093931837	18
1	12/Jul/1995	12	40	5962	0.006709158000670915	20
1	12/Jul/1995	13	29	6437	0.004505204287711667	20
1	12/Jul/1995	14	19	6284	0.00302355187778485	12
1	12/Jul/1995	15	30	5524	0.005430847212165098	20
1	12/Jul/1995	16	25	4947	0.00505356781888013	13
1	12/Jul/1995	17	29	4663	0.006219172206733862	13
1	12/Jul/1995	18	24	4340	0.005529953917050691	15
1	12/Jul/1995	19	18	3547	0.005074711023400056	11
1	12/Jul/1995	20	15	4124	0.0036372453928225023	8
1	12/Jul/1995	21	28	3698	0.0075716603569497025	12
1	12/Jul/1995	22	21	4007	0.005240828550037434	13
1	12/Jul/1995	23	12	3692	0.0032502708559046588	8
2	13/Aug/1995	00	10	2247	0.004450378282153983	6
2	13/Aug/1995	01	12	1258	0.009538950715421303	7
2	13/Aug/1995	02	1	266	0.0037593984962406013	1
2	13/Aug/1995	03	0	445	0.0	0
2	13/Aug/1995	04	3	903	0.0033222591362126247	3
2	13/Aug/1995	05	4	772	0.0051813471502590676	2
2	13/Aug/1995	06	2	503	0.003976143141153081	2
2	13/Aug/1995	07	4	1014	0.0039447731755424065	4
2	13/Aug/1995	08	3	600	0.005	1
2	13/Aug/1995	09	6	1258	0.0047694753577106515	4
2	13/Aug/1995	10	13	1371	0.009482129832239242	5
2	13/Aug/1995	11	3	1615	0.0018575851393188853	2
2	13/Aug/1995	12	7	1530	0.004575163398692811	5
2	13/Aug/1995	13	12	2049	0.005856515373352855	9
2	13/Aug/1995	14	25	2289	0.010921799912625601	9
2	13/Aug/1995	15	3	2006	0.0014955134596211367	2
2	13/Aug/1995	16	20	2218	0.009017132551848512	9
2	13/Aug/1995	17	14	2236	0.006261180679785331	11
2	13/Aug/1995	18	4	2072	0.0019305019305019305	4
2	13/Aug/1995	19	11	1822	0.0060373216245883645	6
2	13/Aug/1995	20	7	1767	0.003961516694963215	4
2	13/Aug/1995	21	5	1732	0.002886836027713626	3
2	13/Aug/1995	22	27	2432	0.011101973684210526	12
2	13/Aug/1995	23	18	2023	0.008897676717745922	9
1	13/Jul/1995	00	20	3310	0.006042296072507553	12
1	13/Jul/1995	01	20	3300	0.006060606060606061	9
1	13/Jul/1995	02	4	2932	0.001364256480218281	3
1	13/Jul/1995	03	13	2483	0.005235602094240838	6
1	13/Jul/1995	04	5	2157	0.0023180343069077423	5
1	13/Jul/1995	05	15	2666	0.005626406601650412	7
1	13/Jul/1995	06	11	3648	0.0030153508771929823	7
1	13/Jul/1995	07	11	6014	0.0018290655138011307	8
1	13/Jul/1995	08	30	11530	0.0026019080659150044	19
1	13/Jul/1995	09	31	14907	0.0020795599382840277	19
1	13/Jul/1995	10	38	10209	0.003722205896757763	25
1	13/Jul/1995	11	75	9732	0.0077065351418002465	18
1	13/Jul/1995	12	19	8518	0.0022305705564686544	15
1	13/Jul/1995	13	20	7317	0.0027333606669400026	15
1	13/Jul/1995	14	38	7471	0.0050863338241199305	17
1	13/Jul/1995	15	41	7291	0.005623371279659855	17
1	13/Jul/1995	16	36	7145	0.005038488453463961	20
1	13/Jul/1995	17	10	3584	0.0027901785714285715	9
1	13/Jul/1995	18	13	4549	0.002857770938667839	6
1	13/Jul/1995	19	8	2269	0.0035257822829440283	5
1	13/Jul/1995	20	30	2364	0.012690355329949238	11
1	13/Jul/1995	21	6	3680	0.0016304347826086956	5
1	13/Jul/1995	22	20	3348	0.005973715651135006	8
1	13/Jul/1995	23	12	3417	0.003511852502194908	9
2	14/Aug/1995	00	8	2028	0.0039447731755424065	5
2	14/Aug/1995	01	15	1464	0.010245901639344262	7
2	14/Aug/1995	02	4	1272	0.0031446540880503146	4
2	14/Aug/1995	03	6	1030	0.005825242718446602	5
2	14/Aug/1995	04	4	790	0.005063291139240506	2
2	14/Aug/1995	05	13	1101	0.011807447774750226	6
2	14/Aug/1995	06	13	1085	0.011981566820276499	7
2	14/Aug/1995	07	6	1652	0.0036319612590799033	4
2	14/Aug/1995	08	11	2506	0.004389465283320032	5
2	14/Aug/1995	09	13	3219	0.00403852127990059	10
2	14/Aug/1995	10	23	3324	0.0069193742478941035	12
2	14/Aug/1995	11	15	3330	0.0045045045045045045	11
2	14/Aug/1995	12	19	4472	0.00424865831842576	14
2	14/Aug/1995	13	17	4374	0.0038866026520347507	10
2	14/Aug/1995	14	7	3964	0.0017658930373360242	5
2	14/Aug/1995	15	9	3714	0.0024232633279483036	6
2	14/Aug/1995	16	10	3732	0.0026795284030010718	9
2	14/Aug/1995	17	14	3165	0.0044233807266982625	11
2	14/Aug/1995	18	20	2561	0.007809449433814916	12
2	14/Aug/1995	19	18	2438	0.007383100902378999	9
2	14/Aug/1995	20	23	2333	0.009858551221603087	7
2	14/Aug/1995	21	6	2053	0.0029225523623964927	5
2	14/Aug/1995	22	12	2195	0.005466970387243736	9
2	14/Aug/1995	23	9	1982	0.004540867810292634	7
1	14/Jul/1995	00	12	3217	0.003730183400683867	7
1	14/Jul/1995	01	8	2139	0.0037400654511453952	6
1	14/Jul/1995	02	7	1989	0.003519356460532931	5
1	14/Jul/1995	03	5	1964	0.0025458248472505093	3
1	14/Jul/1995	04	5	1412	0.0035410764872521247	3
1	14/Jul/1995	05	10	1887	0.005299417064122946	7
1	14/Jul/1995	06	5	1657	0.0030175015087507543	4
1	14/Jul/1995	07	9	2991	0.003009027081243731	6
1	14/Jul/1995	08	13	3981	0.003265511178095956	8
1	14/Jul/1995	09	36	4856	0.007413509060955519	18
1	14/Jul/1995	10	21	5311	0.003954057616268123	15
1	14/Jul/1995	11	22	4736	0.0046452702702702705	14
1	14/Jul/1995	12	20	4829	0.0041416442327604054	14
1	14/Jul/1995	13	34	5621	0.006048745774773172	17
1	14/Jul/1995	14	27	5113	0.00528065714844514	14
1	14/Jul/1995	15	36	5300	0.006792452830188679	14
1	14/Jul/1995	16	12	5244	0.002288329519450801	10
1	14/Jul/1995	17	47	4126	0.011391177896267571	12
1	14/Jul/1995	18	13	3136	0.004145408163265306	9
1	14/Jul/1995	19	8	3331	0.0024016811768237767	6
1	14/Jul/1995	20	22	2823	0.0077931278781438185	12
1	14/Jul/1995	21	18	2706	0.0066518847006651885	10
1	14/Jul/1995	22	12	3018	0.003976143141153081	9
1	14/Jul/1995	23	8	2522	0.0031720856463124504	7
2	15/Aug/1995	00	4	1587	0.002520478890989288	2
2	15/Aug/1995	01	2	1161	0.0017226528854435831	1
2	15/Aug/1995	02	14	1314	0.0106544901065449	4
2	15/Aug/1995	03	16	921	0.01737242128121607	4
2	15/Aug/1995	04	2	1018	0.0019646365422396855	1
2	15/Aug/1995	05	6	988	0.006072874493927126	5
2	15/Aug/1995	06	5	1217	0.004108463434675432	4
2	15/Aug/1995	07	6	1578	0.0038022813688212928	5
2	15/Aug/1995	08	11	2972	0.0037012113055181696	9
2	15/Aug/1995	09	15	2799	0.0053590568060021436	10
2	15/Aug/1995	10	31	3576	0.008668903803131992	13
2	15/Aug/1995	11	14	4049	0.003457643862682144	10
2	15/Aug/1995	12	5	4191	0.0011930326890956812	5
2	15/Aug/1995	13	48	4290	0.011188811188811189	15
2	15/Aug/1995	14	41	3975	0.010314465408805032	13
2	15/Aug/1995	15	18	4292	0.004193849021435228	11
2	15/Aug/1995	16	12	4175	0.002874251497005988	9
2	15/Aug/1995	17	14	3134	0.004467134652201659	8
2	15/Aug/1995	18	10	2263	0.004418912947414936	8
2	15/Aug/1995	19	6	2074	0.0028929604628736743	3
2	15/Aug/1995	20	9	1672	0.005382775119617225	7
2	15/Aug/1995	21	8	1863	0.0042941492216854536	7
2	15/Aug/1995	22	12	1965	0.0061068702290076335	5
2	15/Aug/1995	23	12	1688	0.0071090047393364926	10
1	15/Jul/1995	00	25	1892	0.013213530655391121	11
1	15/Jul/1995	01	4	1944	0.00205761316872428	4
1	15/Jul/1995	02	12	1522	0.00788436268068331	5
1	15/Jul/1995	03	11	1299	0.008468052347959968	5
1	15/Jul/1995	04	1	1086	9.208103130755065E-4	1
1	15/Jul/1995	05	11	950	0.011578947368421053	3
1	15/Jul/1995	06	6	755	0.007947019867549669	4
1	15/Jul/1995	07	10	1042	0.009596928982725527	6
1	15/Jul/1995	08	1	1225	8.163265306122449E-4	1
1	15/Jul/1995	09	2	1554	0.001287001287001287	2
1	15/Jul/1995	10	17	2010	0.00845771144278607	5
1	15/Jul/1995	11	7	2077	0.003370245546461242	6
1	15/Jul/1995	12	11	2265	0.004856512141280353	7
1	15/Jul/1995	13	13	2283	0.0056942619360490585	6
1	15/Jul/1995	14	6	2587	0.0023192887514495554	4
1	15/Jul/1995	15	8	2605	0.003071017274472169	6
1	15/Jul/1995	16	10	2642	0.003785011355034065	4
1	15/Jul/1995	17	12	2510	0.004780876494023904	9
1	15/Jul/1995	18	13	2119	0.006134969325153374	7
1	15/Jul/1995	19	19	2301	0.008257279443720122	8
1	15/Jul/1995	20	8	2090	0.003827751196172249	4
1	15/Jul/1995	21	19	2021	0.009401286491835725	7
1	15/Jul/1995	22	16	2294	0.006974716652136007	11
1	15/Jul/1995	23	10	2334	0.004284490145672665	7
2	16/Aug/1995	00	9	1426	0.006311360448807854	7
2	16/Aug/1995	01	11	1377	0.007988380537400145	6
2	16/Aug/1995	02	5	1098	0.004553734061930784	2
2	16/Aug/1995	03	5	1074	0.004655493482309125	2
2	16/Aug/1995	04	2	830	0.0024096385542168677	1
2	16/Aug/1995	05	4	833	0.004801920768307323	3
2	16/Aug/1995	06	6	1074	0.00558659217877095	6
2	16/Aug/1995	07	9	1670	0.005389221556886228	7
2	16/Aug/1995	08	7	2338	0.0029940119760479044	5
2	16/Aug/1995	09	8	2908	0.002751031636863824	5
2	16/Aug/1995	10	8	3377	0.0023689665383476457	8
2	16/Aug/1995	11	14	3588	0.0039018952062430325	7
2	16/Aug/1995	12	15	3579	0.004191114836546521	10
2	16/Aug/1995	13	15	3912	0.003834355828220859	8
2	16/Aug/1995	14	34	4177	0.008139813263107493	13
2	16/Aug/1995	15	11	3939	0.0027925869510027927	9
2	16/Aug/1995	16	12	3491	0.0034374104841019765	6
2	16/Aug/1995	17	15	3037	0.004939084622983207	8
2	16/Aug/1995	18	14	2403	0.005826050769870994	8
2	16/Aug/1995	19	10	2252	0.004440497335701598	7
2	16/Aug/1995	20	6	2040	0.0029411764705882353	3
2	16/Aug/1995	21	7	2330	0.0030042918454935624	4
2	16/Aug/1995	22	14	1967	0.0071174377224199285	6
2	16/Aug/1995	23	18	1850	0.00972972972972973	6
1	16/Jul/1995	00	3	2061	0.001455604075691412	2
1	16/Jul/1995	01	5	2076	0.0024084778420038534	4
1	16/Jul/1995	02	2	1285	0.0015564202334630351	2
1	16/Jul/1995	03	7	843	0.00830367734282325	4
1	16/Jul/1995	04	1	758	0.0013192612137203166	1
1	16/Jul/1995	05	1	559	0.0017889087656529517	1
1	16/Jul/1995	06	5	876	0.005707762557077625	5
1	16/Jul/1995	07	5	739	0.006765899864682003	4
1	16/Jul/1995	08	6	1009	0.005946481665014866	4
1	16/Jul/1995	09	6	1396	0.004297994269340974	4
1	16/Jul/1995	10	7	1645	0.00425531914893617	6
1	16/Jul/1995	11	13	1963	0.006622516556291391	5
1	16/Jul/1995	12	11	2275	0.004835164835164835	4
1	16/Jul/1995	13	24	2638	0.009097801364670205	13
1	16/Jul/1995	14	4	3001	0.0013328890369876708	4
1	16/Jul/1995	15	27	2643	0.01021566401816118	12
1	16/Jul/1995	16	4	2480	0.0016129032258064516	3
1	16/Jul/1995	17	11	2879	0.0038207711010767626	6
1	16/Jul/1995	18	10	2639	0.0037893141341417205	9
1	16/Jul/1995	19	18	2991	0.006018054162487462	10
1	16/Jul/1995	20	24	2728	0.008797653958944282	10
1	16/Jul/1995	21	15	2790	0.005376344086021506	12
1	16/Jul/1995	22	18	2994	0.006012024048096192	12
1	16/Jul/1995	23	29	2473	0.011726647796198949	16
2	17/Aug/1995	00	5	1505	0.0033222591362126247	5
2	17/Aug/1995	01	7	1315	0.00532319391634981	6
2	17/Aug/1995	02	16	1012	0.015810276679841896	2
2	17/Aug/1995	03	1	743	0.0013458950201884253	1
2	17/Aug/1995	04	6	1098	0.00546448087431694	5
2	17/Aug/1995	05	2	811	0.002466091245376079	2
2	17/Aug/1995	06	2	917	0.0021810250817884407	2
2	17/Aug/1995	07	0	1843	0.0	0
2	17/Aug/1995	08	10	2630	0.0038022813688212928	6
2	17/Aug/1995	09	11	3072	0.0035807291666666665	7
2	17/Aug/1995	10	15	3685	0.004070556309362279	9
2	17/Aug/1995	11	7	3477	0.0020132297958009777	3
2	17/Aug/1995	12	9	4043	0.002226069750185506	7
2	17/Aug/1995	13	4	4033	9.918175055789735E-4	4
2	17/Aug/1995	14	27	4061	0.006648608717064762	16
2	17/Aug/1995	15	14	4636	0.0030198446937014668	9
2	17/Aug/1995	16	19	4084	0.00465230166503428	9
2	17/Aug/1995	17	13	3102	0.004190844616376531	8
2	17/Aug/1995	18	28	2536	0.011041009463722398	11
2	17/Aug/1995	19	17	2361	0.007200338839474798	11
2	17/Aug/1995	20	20	2324	0.008605851979345954	11
2	17/Aug/1995	21	9	1949	0.004617752693689072	5
2	17/Aug/1995	22	10	1863	0.005367686527106817	5
2	17/Aug/1995	23	13	1830	0.007103825136612022	9
1	17/Jul/1995	00	11	2051	0.005363237445148708	9
1	17/Jul/1995	01	10	1666	0.006002400960384154	6
1	17/Jul/1995	02	4	1065	0.003755868544600939	2
1	17/Jul/1995	03	8	1089	0.0073461891643709825	5
1	17/Jul/1995	04	2	1244	0.001607717041800643	2
1	17/Jul/1995	05	6	970	0.006185567010309278	5
1	17/Jul/1995	06	1	957	0.0010449320794148381	1
1	17/Jul/1995	07	6	1839	0.0032626427406199023	3
1	17/Jul/1995	08	14	2677	0.005229734777736272	9
1	17/Jul/1995	09	11	3956	0.002780586450960566	8
1	17/Jul/1995	10	37	4507	0.008209451963612158	17
1	17/Jul/1995	11	20	4764	0.0041981528127623844	15
1	17/Jul/1995	12	47	4822	0.009746992948983823	21
1	17/Jul/1995	13	34	4982	0.006824568446407065	19
1	17/Jul/1995	14	24	6409	0.0037447339678577003	18
1	17/Jul/1995	15	24	5288	0.0045385779122541605	14
1	17/Jul/1995	16	20	5423	0.0036879955744053105	12
1	17/Jul/1995	17	25	3975	0.006289308176100629	15
1	17/Jul/1995	18	19	3377	0.005626295528575659	12
1	17/Jul/1995	19	12	2737	0.004384362440628425	9
1	17/Jul/1995	20	8	2550	0.003137254901960784	6
1	17/Jul/1995	21	20	3166	0.006317119393556538	9
1	17/Jul/1995	22	27	2895	0.00932642487046632	17
1	17/Jul/1995	23	15	2409	0.0062266500622665	11
2	18/Aug/1995	00	11	1262	0.008716323296354992	7
2	18/Aug/1995	01	4	1622	0.002466091245376079	3
2	18/Aug/1995	02	2	1148	0.0017421602787456446	2
2	18/Aug/1995	03	4	1131	0.0035366931918656055	4
2	18/Aug/1995	04	0	929	0.0	0
2	18/Aug/1995	05	3	936	0.003205128205128205	3
2	18/Aug/1995	06	6	1040	0.0057692307692307696	5
2	18/Aug/1995	07	13	1757	0.007398975526465566	5
2	18/Aug/1995	08	13	2672	0.0048652694610778445	6
2	18/Aug/1995	09	11	2959	0.0037174721189591076	5
2	18/Aug/1995	10	19	3476	0.005466052934407365	11
2	18/Aug/1995	11	10	3757	0.002661698163428267	9
2	18/Aug/1995	12	12	3643	0.0032939884710403516	8
2	18/Aug/1995	13	17	4315	0.0039397450753186555	11
2	18/Aug/1995	14	10	4039	0.0024758603614756128	7
2	18/Aug/1995	15	17	4252	0.003998118532455315	9
2	18/Aug/1995	16	15	3704	0.004049676025917927	7
2	18/Aug/1995	17	12	2860	0.004195804195804196	10
2	18/Aug/1995	18	13	2053	0.0063321967851924016	5
2	18/Aug/1995	19	9	1764	0.00510204081632653	7
2	18/Aug/1995	20	7	1639	0.004270896888346553	4
2	18/Aug/1995	21	15	1729	0.008675534991324466	2
2	18/Aug/1995	22	13	1894	0.006863780359028511	9
2	18/Aug/1995	23	12	1600	0.0075	6
1	18/Jul/1995	00	25	2285	0.010940919037199124	13
1	18/Jul/1995	01	5	1783	0.0028042624789680315	3
1	18/Jul/1995	02	6	1670	0.003592814371257485	2
1	18/Jul/1995	03	7	789	0.008871989860583017	5
1	18/Jul/1995	04	0	316	0.0	0
1	18/Jul/1995	05	0	407	0.0	0
1	18/Jul/1995	06	0	371	0.0	0
1	18/Jul/1995	07	5	943	0.005302226935312832	2
1	18/Jul/1995	08	9	2278	0.003950834064969272	6
1	18/Jul/1995	09	28	3401	0.008232872684504558	11
1	18/Jul/1995	10	28	3234	0.008658008658008658	11
1	18/Jul/1995	11	21	3687	0.005695687550854353	8
1	18/Jul/1995	12	29	4720	0.00614406779661017	15
1	18/Jul/1995	13	20	5084	0.003933910306845004	16
1	18/Jul/1995	14	60	4608	0.013020833333333334	20
1	18/Jul/1995	15	106	5411	0.019589724635002772	21
1	18/Jul/1995	16	48	5451	0.008805723720418272	19
1	18/Jul/1995	17	10	2704	0.0036982248520710057	8
1	18/Jul/1995	18	7	2531	0.002765705254839984	5
1	18/Jul/1995	19	22	3249	0.006771314250538628	10
1	18/Jul/1995	20	11	2349	0.004682843763303533	10
1	18/Jul/1995	21	4	2433	0.0016440608302507192	3
1	18/Jul/1995	22	15	1963	0.007641365257259297	9
1	18/Jul/1995	23	16	2383	0.006714225765841376	9
2	19/Aug/1995	00	5	1622	0.0030826140567200987	3
2	19/Aug/1995	01	4	964	0.004149377593360996	2
2	19/Aug/1995	02	17	1184	0.014358108108108109	8
2	19/Aug/1995	03	4	1029	0.003887269193391642	4
2	19/Aug/1995	04	10	746	0.013404825737265416	3
2	19/Aug/1995	05	6	618	0.009708737864077669	2
2	19/Aug/1995	06	1	820	0.0012195121951219512	1
2	19/Aug/1995	07	4	924	0.004329004329004329	4
2	19/Aug/1995	08	11	1078	0.01020408163265306	6
2	19/Aug/1995	09	6	1346	0.004457652303120356	5
2	19/Aug/1995	10	6	1509	0.003976143141153081	5
2	19/Aug/1995	11	8	1515	0.005280528052805281	5
2	19/Aug/1995	12	7	1510	0.004635761589403974	5
2	19/Aug/1995	13	9	1409	0.0063875088715401	7
2	19/Aug/1995	14	5	1977	0.0025290844714213456	4
2	19/Aug/1995	15	16	1724	0.009280742459396751	11
2	19/Aug/1995	16	20	1544	0.012953367875647668	5
2	19/Aug/1995	17	18	1636	0.011002444987775062	9
2	19/Aug/1995	18	6	1328	0.004518072289156626	4
2	19/Aug/1995	19	10	1365	0.007326007326007326	3
2	19/Aug/1995	20	3	1516	0.001978891820580475	3
2	19/Aug/1995	21	14	1530	0.009150326797385621	8
2	19/Aug/1995	22	5	1522	0.0032851511169513796	4
2	19/Aug/1995	23	8	1628	0.004914004914004914	7
1	19/Jul/1995	00	9	1784	0.005044843049327354	5
1	19/Jul/1995	01	4	1625	0.0024615384615384616	3
1	19/Jul/1995	02	4	1470	0.0027210884353741495	3
1	19/Jul/1995	03	3	1361	0.002204261572373255	3
1	19/Jul/1995	04	9	1484	0.006064690026954178	5
1	19/Jul/1995	05	0	1093	0.0	0
1	19/Jul/1995	06	2	1450	0.001379310344827586	1
1	19/Jul/1995	07	31	2257	0.013735046521931768	8
1	19/Jul/1995	08	24	3045	0.007881773399014778	8
1	19/Jul/1995	09	15	3665	0.004092769440654843	5
1	19/Jul/1995	10	45	4486	0.010031208203299153	8
1	19/Jul/1995	11	68	4888	0.013911620294599018	14
1	19/Jul/1995	12	77	5163	0.014913809800503584	11
1	19/Jul/1995	13	68	4628	0.014693171996542784	13
1	19/Jul/1995	14	70	4929	0.014201663623453034	15
1	19/Jul/1995	15	62	5294	0.011711371363808084	16
1	19/Jul/1995	16	25	4501	0.00555432126194179	14
1	19/Jul/1995	17	36	4226	0.008518693800283956	15
1	19/Jul/1995	18	16	3057	0.005233889434085705	7
1	19/Jul/1995	19	10	2787	0.003588087549336204	9
1	19/Jul/1995	20	11	2885	0.0038128249566724438	8
1	19/Jul/1995	21	18	2451	0.0073439412484700125	13
1	19/Jul/1995	22	24	1874	0.012806830309498399	11
1	19/Jul/1995	23	7	2150	0.0032558139534883722	7
2	20/Aug/1995	00	7	1650	0.004242424242424243	5
2	20/Aug/1995	01	4	1352	0.0029585798816568047	3
2	20/Aug/1995	02	5	847	0.0059031877213695395	5
2	20/Aug/1995	03	20	906	0.02207505518763797	5
2	20/Aug/1995	04	13	718	0.018105849582172703	6
2	20/Aug/1995	05	3	577	0.005199306759098787	3
2	20/Aug/1995	06	2	501	0.003992015968063872	2
2	20/Aug/1995	07	1	848	0.0011792452830188679	1
2	20/Aug/1995	08	2	869	0.0023014959723820483	2
2	20/Aug/1995	09	6	1291	0.004647560030983733	5
2	20/Aug/1995	10	14	1668	0.008393285371702638	9
2	20/Aug/1995	11	17	1509	0.01126573889993373	12
2	20/Aug/1995	12	46	1709	0.026916325336454067	7
2	20/Aug/1995	13	27	1677	0.016100178890876567	6
2	20/Aug/1995	14	8	1704	0.004694835680751174	7
2	20/Aug/1995	15	15	1593	0.009416195856873822	11
2	20/Aug/1995	16	13	1980	0.0065656565656565654	7
2	20/Aug/1995	17	6	1590	0.0037735849056603774	5
2	20/Aug/1995	18	7	1601	0.004372267332916927	5
2	20/Aug/1995	19	50	1503	0.0332667997338656	8
2	20/Aug/1995	20	16	1615	0.009907120743034056	7
2	20/Aug/1995	21	13	1570	0.008280254777070064	10
2	20/Aug/1995	22	11	1701	0.006466784244562022	8
2	20/Aug/1995	23	14	1930	0.007253886010362694	7
1	20/Jul/1995	00	12	1969	0.006094464195022855	7
1	20/Jul/1995	01	6	1642	0.0036540803897685747	3
1	20/Jul/1995	02	19	1669	0.011384062312762133	8
1	20/Jul/1995	03	9	1098	0.00819672131147541	4
1	20/Jul/1995	04	2	918	0.002178649237472767	2
1	20/Jul/1995	05	7	989	0.007077856420626896	6
1	20/Jul/1995	06	2	953	0.002098635886673662	2
1	20/Jul/1995	07	10	2112	0.004734848484848485	4
1	20/Jul/1995	08	9	3106	0.0028976175144880875	5
1	20/Jul/1995	09	21	3507	0.005988023952095809	11
1	20/Jul/1995	10	17	4219	0.004029390850912538	12
1	20/Jul/1995	11	22	4406	0.004993191103041307	10
1	20/Jul/1995	12	48	5170	0.009284332688588007	20
1	20/Jul/1995	13	16	4309	0.0037131585054537017	6
1	20/Jul/1995	14	21	4543	0.004622496147919877	13
1	20/Jul/1995	15	35	4839	0.007232899359371771	19
1	20/Jul/1995	16	48	4603	0.010427981751031936	13
1	20/Jul/1995	17	47	3907	0.012029690299462503	14
1	20/Jul/1995	18	16	2083	0.007681228996639462	6
1	20/Jul/1995	19	15	1866	0.008038585209003215	10
1	20/Jul/1995	20	7	2028	0.0034516765285996054	7
1	20/Jul/1995	21	6	2103	0.0028530670470756064	6
1	20/Jul/1995	22	16	2288	0.006993006993006993	9
1	20/Jul/1995	23	16	2140	0.007476635514018692	7
2	21/Aug/1995	00	9	1683	0.0053475935828877	6
2	21/Aug/1995	01	5	1582	0.0031605562579013905	4
2	21/Aug/1995	02	1	1209	8.271298593879239E-4	1
2	21/Aug/1995	03	8	1062	0.007532956685499058	7
2	21/Aug/1995	04	19	859	0.02211874272409779	7
2	21/Aug/1995	05	21	1106	0.0189873417721519	4
2	21/Aug/1995	06	5	1088	0.004595588235294118	3
2	21/Aug/1995	07	4	1468	0.0027247956403269754	2
2	21/Aug/1995	08	5	2017	0.002478929102627665	4
2	21/Aug/1995	09	6	2400	0.0025	3
2	21/Aug/1995	10	10	2978	0.0033579583613163196	7
2	21/Aug/1995	11	17	3692	0.004604550379198266	12
2	21/Aug/1995	12	37	4553	0.008126509993410937	16
2	21/Aug/1995	13	19	3633	0.005229837599779796	13
2	21/Aug/1995	14	7	3205	0.00218408736349454	7
2	21/Aug/1995	15	24	4205	0.005707491082045184	15
2	21/Aug/1995	16	11	4005	0.0027465667915106116	10
2	21/Aug/1995	17	32	3054	0.010478061558611657	12
2	21/Aug/1995	18	7	2686	0.0026061057334326137	6
2	21/Aug/1995	19	9	1877	0.004794885455514118	6
2	21/Aug/1995	20	9	2068	0.004352030947775629	6
2	21/Aug/1995	21	21	2007	0.01046337817638266	10
2	21/Aug/1995	22	8	1442	0.005547850208044383	5
2	21/Aug/1995	23	9	1533	0.005870841487279843	6
1	21/Jul/1995	00	23	1649	0.013947847180109158	10
1	21/Jul/1995	01	4	1200	0.0033333333333333335	3
1	21/Jul/1995	02	13	1407	0.00923951670220327	9
1	21/Jul/1995	03	17	1051	0.016175071360608945	4
1	21/Jul/1995	04	5	889	0.00562429696287964	2
1	21/Jul/1995	05	5	1140	0.0043859649122807015	3
1	21/Jul/1995	06	5	1173	0.004262574595055414	5
1	21/Jul/1995	07	9	2485	0.0036217303822937627	3
1	21/Jul/1995	08	9	3667	0.0024543223343332426	7
1	21/Jul/1995	09	24	4080	0.0058823529411764705	12
1	21/Jul/1995	10	14	3992	0.0035070140280561123	12
1	21/Jul/1995	11	25	4282	0.005838393274170948	12
1	21/Jul/1995	12	14	4265	0.0032825322391559202	11
1	21/Jul/1995	13	17	5729	0.002967359050445104	10
1	21/Jul/1995	14	40	4681	0.008545182653279214	16
1	21/Jul/1995	15	11	4105	0.002679658952496955	10
1	21/Jul/1995	16	17	3986	0.004264927245358756	13
1	21/Jul/1995	17	24	3436	0.006984866123399301	11
1	21/Jul/1995	18	14	1780	0.007865168539325843	9
1	21/Jul/1995	19	7	1735	0.004034582132564841	5
1	21/Jul/1995	20	7	1647	0.004250151791135397	3
1	21/Jul/1995	21	6	2349	0.002554278416347382	5
1	21/Jul/1995	22	12	1787	0.006715165081141578	6
1	21/Jul/1995	23	10	1952	0.005122950819672131	7
2	22/Aug/1995	00	4	1566	0.002554278416347382	4
2	22/Aug/1995	01	8	1135	0.007048458149779736	4
2	22/Aug/1995	02	12	922	0.013015184381778741	5
2	22/Aug/1995	03	9	1146	0.007853403141361256	7
2	22/Aug/1995	04	3	893	0.0033594624860022394	2
2	22/Aug/1995	05	5	850	0.0058823529411764705	3
2	22/Aug/1995	06	3	990	0.0030303030303030303	3
2	22/Aug/1995	07	9	1851	0.004862236628849271	4
2	22/Aug/1995	08	1	2400	4.166666666666667E-4	1
2	22/Aug/1995	09	8	3066	0.002609262883235486	5
2	22/Aug/1995	10	9	2771	0.003247924936845904	4
2	22/Aug/1995	11	16	3727	0.004292997048564529	8
2	22/Aug/1995	12	28	4177	0.006703375628441465	12
2	22/Aug/1995	13	26	4430	0.005869074492099322	12
2	22/Aug/1995	14	12	3875	0.003096774193548387	5
2	22/Aug/1995	15	11	4247	0.0025900635742877325	6
2	22/Aug/1995	16	13	4364	0.0029789184234647113	9
2	22/Aug/1995	17	14	3075	0.0045528455284552845	8
2	22/Aug/1995	18	13	2519	0.005160778086542279	8
2	22/Aug/1995	19	12	2060	0.005825242718446602	5
2	22/Aug/1995	20	6	2010	0.0029850746268656717	5
2	22/Aug/1995	21	26	2089	0.01244614648157013	11
2	22/Aug/1995	22	17	1836	0.009259259259259259	11
2	22/Aug/1995	23	31	1642	0.018879415347137638	6
1	22/Jul/1995	00	15	1590	0.009433962264150943	7
1	22/Jul/1995	01	7	1758	0.003981797497155859	4
1	22/Jul/1995	02	4	1119	0.0035746201966041107	1
1	22/Jul/1995	03	5	982	0.0050916496945010185	4
1	22/Jul/1995	04	3	941	0.003188097768331562	2
1	22/Jul/1995	05	8	758	0.010554089709762533	1
1	22/Jul/1995	06	2	674	0.002967359050445104	2
1	22/Jul/1995	07	5	896	0.005580357142857143	3
1	22/Jul/1995	08	3	1468	0.0020435967302452314	2
1	22/Jul/1995	09	7	1120	0.00625	6
1	22/Jul/1995	10	6	1358	0.004418262150220913	5
1	22/Jul/1995	11	14	1500	0.009333333333333334	7
1	22/Jul/1995	12	6	1956	0.003067484662576687	5
1	22/Jul/1995	13	4	1821	0.002196595277320154	3
1	22/Jul/1995	14	8	2054	0.0038948393378773127	6
1	22/Jul/1995	15	9	2184	0.004120879120879121	5
1	22/Jul/1995	16	24	2302	0.010425716768027803	10
1	22/Jul/1995	17	18	1745	0.010315186246418338	8
1	22/Jul/1995	18	9	1644	0.005474452554744526	5
1	22/Jul/1995	19	3	1040	0.0028846153846153848	2
1	22/Jul/1995	20	5	1402	0.003566333808844508	4
1	22/Jul/1995	21	4	1281	0.00312256049960968	3
1	22/Jul/1995	22	3	1466	0.0020463847203274215	3
1	22/Jul/1995	23	10	2110	0.004739336492890996	7
2	23/Aug/1995	00	12	1496	0.008021390374331552	6
2	23/Aug/1995	01	11	1086	0.010128913443830571	7
2	23/Aug/1995	02	13	1155	0.011255411255411256	9
2	23/Aug/1995	03	7	1107	0.006323396567299007	5
2	23/Aug/1995	04	7	902	0.007760532150776054	3
2	23/Aug/1995	05	8	929	0.008611410118406888	6
2	23/Aug/1995	06	5	1350	0.003703703703703704	3
2	23/Aug/1995	07	10	1723	0.005803830528148578	5
2	23/Aug/1995	08	23	2646	0.008692365835222978	7
2	23/Aug/1995	09	12	2836	0.004231311706629055	6
2	23/Aug/1995	10	9	2851	0.003156787092248334	7
2	23/Aug/1995	11	17	3660	0.004644808743169399	11
2	23/Aug/1995	12	17	4416	0.0038496376811594205	15
2	23/Aug/1995	13	24	4333	0.0055388876067389795	16
2	23/Aug/1995	14	25	3945	0.0063371356147021544	15
2	23/Aug/1995	15	10	4359	0.0022941041523285156	9
2	23/Aug/1995	16	28	4562	0.006137658921525646	11
2	23/Aug/1995	17	31	2831	0.01095019427764041	9
2	23/Aug/1995	18	13	2453	0.005299633102323685	9
2	23/Aug/1995	19	8	2199	0.0036380172805820826	6
2	23/Aug/1995	20	10	2143	0.004666355576294913	6
2	23/Aug/1995	21	6	1328	0.004518072289156626	5
2	23/Aug/1995	22	15	1849	0.008112493239588967	12
2	23/Aug/1995	23	17	1785	0.009523809523809525	10
1	23/Jul/1995	00	11	1811	0.006073992269464384	8
1	23/Jul/1995	01	6	1555	0.0038585209003215433	5
1	23/Jul/1995	02	6	1322	0.0045385779122541605	3
1	23/Jul/1995	03	27	915	0.029508196721311476	6
1	23/Jul/1995	04	12	900	0.013333333333333334	2
1	23/Jul/1995	05	3	815	0.0036809815950920245	2
1	23/Jul/1995	06	1	671	0.0014903129657228018	1
1	23/Jul/1995	07	4	472	0.00847457627118644	2
1	23/Jul/1995	08	7	1338	0.00523168908819133	7
1	23/Jul/1995	09	4	1295	0.003088803088803089	3
1	23/Jul/1995	10	14	1299	0.01077752117013087	4
1	23/Jul/1995	11	11	1598	0.00688360450563204	10
1	23/Jul/1995	12	4	1566	0.002554278416347382	4
1	23/Jul/1995	13	6	1817	0.003302146395156852	4
1	23/Jul/1995	14	7	1963	0.003565970453387672	4
1	23/Jul/1995	15	9	2144	0.004197761194029851	7
1	23/Jul/1995	16	5	2157	0.0023180343069077423	5
1	23/Jul/1995	17	4	2168	0.0018450184501845018	3
1	23/Jul/1995	18	12	1831	0.006553795740032769	5
1	23/Jul/1995	19	9	1922	0.004682622268470343	5
1	23/Jul/1995	20	10	2417	0.004137360364087712	5
1	23/Jul/1995	21	30	2574	0.011655011655011656	6
1	23/Jul/1995	22	16	2405	0.006652806652806653	11
1	23/Jul/1995	23	12	2132	0.005628517823639775	11
2	24/Aug/1995	00	13	1406	0.009246088193456615	9
2	24/Aug/1995	01	13	1063	0.012229539040451553	6
2	24/Aug/1995	02	6	860	0.0069767441860465115	4
2	24/Aug/1995	03	4	669	0.005979073243647235	3
2	24/Aug/1995	04	6	592	0.010135135135135136	3
2	24/Aug/1995	05	6	634	0.00946372239747634	4
2	24/Aug/1995	06	4	900	0.0044444444444444444	2
2	24/Aug/1995	07	8	1462	0.005471956224350205	6
2	24/Aug/1995	08	7	2488	0.0028135048231511255	6
2	24/Aug/1995	09	17	2778	0.006119510439164867	8
2	24/Aug/1995	10	28	3828	0.0073145245559038665	9
2	24/Aug/1995	11	14	3901	0.0035888233786208665	8
2	24/Aug/1995	12	27	4252	0.006349952963311383	11
2	24/Aug/1995	13	10	2709	0.0036913990402362494	9
2	24/Aug/1995	14	4	2594	0.0015420200462606013	4
2	24/Aug/1995	15	30	4092	0.007331378299120235	10
2	24/Aug/1995	16	22	3517	0.006255331248222917	16
2	24/Aug/1995	17	33	2783	0.011857707509881422	11
2	24/Aug/1995	18	16	2520	0.006349206349206349	8
2	24/Aug/1995	19	51	1886	0.02704135737009544	6
2	24/Aug/1995	20	24	2038	0.011776251226692836	11
2	24/Aug/1995	21	39	1924	0.02027027027027027	11
2	24/Aug/1995	22	18	2041	0.008819206271435572	13
2	24/Aug/1995	23	21	1515	0.013861386138613862	12
1	24/Jul/1995	00	27	1787	0.01510912143256855	7
1	24/Jul/1995	01	1	1211	8.257638315441783E-4	1
1	24/Jul/1995	02	5	1209	0.0041356492969396195	4
1	24/Jul/1995	03	29	946	0.0306553911205074	2
1	24/Jul/1995	04	15	802	0.018703241895261846	6
1	24/Jul/1995	05	7	1050	0.006666666666666667	3
1	24/Jul/1995	06	6	1174	0.005110732538330494	3
1	24/Jul/1995	07	5	1734	0.0028835063437139563	5
1	24/Jul/1995	08	13	2614	0.004973221117061974	9
1	24/Jul/1995	09	15	3586	0.004182933630786392	9
1	24/Jul/1995	10	13	3322	0.0039133052378085495	11
1	24/Jul/1995	11	21	4002	0.005247376311844078	16
1	24/Jul/1995	12	17	5053	0.0033643380170195925	13
1	24/Jul/1995	13	8	4912	0.0016286644951140066	8
1	24/Jul/1995	14	20	4893	0.004087471898630697	12
1	24/Jul/1995	15	22	5245	0.004194470924690181	15
1	24/Jul/1995	16	9	4887	0.001841620626151013	5
1	24/Jul/1995	17	17	3687	0.004610794684024953	10
1	24/Jul/1995	18	13	2326	0.005588993981083405	4
1	24/Jul/1995	19	13	2238	0.00580875781948168	8
1	24/Jul/1995	20	8	1566	0.005108556832694764	6
1	24/Jul/1995	21	17	2132	0.00797373358348968	9
1	24/Jul/1995	22	7	1944	0.00360082304526749	5
1	24/Jul/1995	23	22	1779	0.012366498032602586	7
2	25/Aug/1995	00	53	1501	0.03530979347101932	16
2	25/Aug/1995	01	24	1303	0.01841903300076746	11
2	25/Aug/1995	02	20	1178	0.01697792869269949	11
2	25/Aug/1995	03	7	959	0.0072992700729927005	4
2	25/Aug/1995	04	12	850	0.01411764705882353	9
2	25/Aug/1995	05	13	1159	0.011216566005176877	5
2	25/Aug/1995	06	3	1060	0.002830188679245283	2
2	25/Aug/1995	07	4	2082	0.0019212295869356388	3
2	25/Aug/1995	08	19	2978	0.0063801208865010076	12
2	25/Aug/1995	09	13	3270	0.003975535168195718	8
2	25/Aug/1995	10	5	3440	0.0014534883720930232	3
2	25/Aug/1995	11	22	3750	0.005866666666666667	13
2	25/Aug/1995	12	28	4091	0.0068442923490589095	18
2	25/Aug/1995	13	27	4042	0.006679861454725384	17
2	25/Aug/1995	14	16	3871	0.0041332988891759235	12
2	25/Aug/1995	15	22	3991	0.005512402906539714	17
2	25/Aug/1995	16	20	3382	0.0059136605558840925	8
2	25/Aug/1995	17	28	2795	0.01001788908765653	11
2	25/Aug/1995	18	25	2155	0.01160092807424594	13
2	25/Aug/1995	19	10	1839	0.005437737901033171	6
2	25/Aug/1995	20	18	1811	0.009939260077305357	12
2	25/Aug/1995	21	19	2126	0.008936970837253057	13
2	25/Aug/1995	22	15	1720	0.00872093023255814	10
2	25/Aug/1995	23	17	1914	0.008881922675026124	11
1	25/Jul/1995	00	5	1399	0.0035739814152966403	5
1	25/Jul/1995	01	3	1343	0.0022338049143708115	3
1	25/Jul/1995	02	5	1076	0.004646840148698885	4
1	25/Jul/1995	03	5	1118	0.004472271914132379	3
1	25/Jul/1995	04	2	1057	0.001892147587511826	2
1	25/Jul/1995	05	2	912	0.0021929824561403508	2
1	25/Jul/1995	06	4	826	0.004842615012106538	4
1	25/Jul/1995	07	6	1558	0.0038510911424903724	4
1	25/Jul/1995	08	9	2477	0.0036334275333064193	6
1	25/Jul/1995	09	8	3337	0.00239736290080911	6
1	25/Jul/1995	10	18	3710	0.004851752021563342	11
1	25/Jul/1995	11	67	4255	0.01574618096357227	16
1	25/Jul/1995	12	34	5070	0.0067061143984220905	19
1	25/Jul/1995	13	21	5125	0.004097560975609756	13
1	25/Jul/1995	14	54	4112	0.013132295719844358	21
1	25/Jul/1995	15	75	4491	0.016700066800267203	15
1	25/Jul/1995	16	30	4746	0.006321112515802781	18
1	25/Jul/1995	17	28	3396	0.008244994110718492	15
1	25/Jul/1995	18	10	2197	0.004551661356395084	4
1	25/Jul/1995	19	10	2061	0.0048520135856380394	6
1	25/Jul/1995	20	17	2275	0.0074725274725274725	9
1	25/Jul/1995	21	19	2053	0.009254749147588894	8
1	25/Jul/1995	22	21	2195	0.009567198177676537	6
1	25/Jul/1995	23	12	1661	0.007224563515954244	9
2	26/Aug/1995	00	20	1348	0.01483679525222552	11
2	26/Aug/1995	01	10	1227	0.008149959250203748	6
2	26/Aug/1995	02	6	770	0.007792207792207792	3
2	26/Aug/1995	03	20	863	0.023174971031286212	6
2	26/Aug/1995	04	8	589	0.013582342954159592	4
2	26/Aug/1995	05	7	420	0.016666666666666666	5
2	26/Aug/1995	06	0	479	0.0	0
2	26/Aug/1995	07	7	601	0.011647254575707155	3
2	26/Aug/1995	08	13	1075	0.012093023255813953	10
2	26/Aug/1995	09	20	1219	0.016406890894175553	11
2	26/Aug/1995	10	20	1111	0.018001800180018002	7
2	26/Aug/1995	11	17	1172	0.014505119453924915	9
2	26/Aug/1995	12	16	1281	0.01249024199843872	9
2	26/Aug/1995	13	13	1569	0.0082855321861058	9
2	26/Aug/1995	14	19	1794	0.010590858416945374	10
2	26/Aug/1995	15	17	1986	0.008559919436052367	10
2	26/Aug/1995	16	11	1750	0.006285714285714286	7
2	26/Aug/1995	17	19	1660	0.01144578313253012	11
2	26/Aug/1995	18	21	1786	0.011758118701007838	14
2	26/Aug/1995	19	26	1838	0.014145810663764961	17
2	26/Aug/1995	20	12	1489	0.008059100067159167	6
2	26/Aug/1995	21	13	1613	0.008059516429014259	6
2	26/Aug/1995	22	30	1963	0.015282730514518594	14
2	26/Aug/1995	23	25	1955	0.01278772378516624	17
1	26/Jul/1995	00	5	1181	0.004233700254022015	5
1	26/Jul/1995	01	10	1352	0.0073964497041420114	6
1	26/Jul/1995	02	8	1294	0.0061823802163833074	4
1	26/Jul/1995	03	1	1063	9.407337723424271E-4	1
1	26/Jul/1995	04	15	1045	0.014354066985645933	3
1	26/Jul/1995	05	3	706	0.00424929178470255	1
1	26/Jul/1995	06	4	988	0.004048582995951417	3
1	26/Jul/1995	07	5	1626	0.003075030750307503	3
1	26/Jul/1995	08	17	3058	0.005559189012426423	10
1	26/Jul/1995	09	6	2275	0.0026373626373626374	5
1	26/Jul/1995	10	8	2143	0.003733084461035931	6
1	26/Jul/1995	11	29	3456	0.008391203703703705	10
1	26/Jul/1995	12	17	4325	0.003930635838150289	12
1	26/Jul/1995	13	16	4659	0.0034342133505044	8
1	26/Jul/1995	14	27	4507	0.0059906811626359	8
1	26/Jul/1995	15	14	4250	0.0032941176470588237	10
1	26/Jul/1995	16	17	3475	0.004892086330935252	8
1	26/Jul/1995	17	28	3201	0.008747266479225243	13
1	26/Jul/1995	18	41	3007	0.013634852011972065	9
1	26/Jul/1995	19	20	2278	0.00877963125548727	7
1	26/Jul/1995	20	10	2083	0.004800768122899664	8
1	26/Jul/1995	21	7	2212	0.0031645569620253164	5
1	26/Jul/1995	22	10	2244	0.004456327985739751	9
1	26/Jul/1995	23	5	2225	0.0022471910112359553	4
2	27/Aug/1995	00	19	2106	0.009021842355175688	12
2	27/Aug/1995	01	26	1305	0.01992337164750958	7
2	27/Aug/1995	02	35	1102	0.03176043557168784	6
2	27/Aug/1995	03	14	648	0.021604938271604937	8
2	27/Aug/1995	04	11	567	0.019400352733686066	4
2	27/Aug/1995	05	3	676	0.004437869822485207	2
2	27/Aug/1995	06	6	775	0.007741935483870968	3
2	27/Aug/1995	07	7	880	0.007954545454545454	5
2	27/Aug/1995	08	10	888	0.01126126126126126	7
2	27/Aug/1995	09	23	1045	0.02200956937799043	6
2	27/Aug/1995	10	10	1113	0.008984725965858042	7
2	27/Aug/1995	11	10	1147	0.008718395815170008	6
2	27/Aug/1995	12	14	1581	0.008855154965211892	12
2	27/Aug/1995	13	8	1580	0.005063291139240506	6
2	27/Aug/1995	14	16	1392	0.011494252873563218	9
2	27/Aug/1995	15	12	1469	0.008168822328114363	8
2	27/Aug/1995	16	39	1680	0.023214285714285715	11
2	27/Aug/1995	17	26	1576	0.01649746192893401	14
2	27/Aug/1995	18	23	1577	0.014584654407102092	11
2	27/Aug/1995	19	12	1667	0.007198560287942412	4
2	27/Aug/1995	20	16	2281	0.0070144673388864535	11
2	27/Aug/1995	21	24	2095	0.011455847255369928	15
2	27/Aug/1995	22	42	1935	0.021705426356589147	20
2	27/Aug/1995	23	11	1674	0.006571087216248507	8
1	27/Jul/1995	00	18	2160	0.008333333333333333	12
1	27/Jul/1995	01	6	1538	0.0039011703511053317	5
1	27/Jul/1995	02	14	1164	0.012027491408934709	4
1	27/Jul/1995	03	5	1203	0.004156275976724855	5
1	27/Jul/1995	04	11	1199	0.009174311926605505	8
1	27/Jul/1995	05	6	1065	0.005633802816901409	4
1	27/Jul/1995	06	3	1290	0.002325581395348837	3
1	27/Jul/1995	07	15	1841	0.008147745790331342	6
1	27/Jul/1995	08	6	2624	0.0022865853658536584	4
1	27/Jul/1995	09	35	2984	0.011729222520107238	13
1	27/Jul/1995	10	6	3358	0.001786777843954735	6
1	27/Jul/1995	11	35	4097	0.008542836221625579	11
1	27/Jul/1995	12	13	4227	0.003075467234445233	9
1	27/Jul/1995	13	14	4481	0.003124302611024325	9
1	27/Jul/1995	14	22	4843	0.0045426388602106136	13
1	27/Jul/1995	15	24	4368	0.005494505494505495	13
1	27/Jul/1995	16	12	3876	0.0030959752321981426	10
1	27/Jul/1995	17	26	3402	0.007642563198118754	9
1	27/Jul/1995	18	17	2542	0.006687647521636507	3
1	27/Jul/1995	19	14	1950	0.0071794871794871795	8
1	27/Jul/1995	20	2	2064	9.689922480620155E-4	2
1	27/Jul/1995	21	14	2108	0.006641366223908918	8
1	27/Jul/1995	22	10	1718	0.005820721769499418	6
1	27/Jul/1995	23	11	1456	0.007554945054945055	4
2	28/Aug/1995	00	17	1371	0.012399708242159009	8
2	28/Aug/1995	01	28	1103	0.025385312783318223	5
2	28/Aug/1995	02	20	1093	0.018298261665141813	11
2	28/Aug/1995	03	10	1068	0.009363295880149813	5
2	28/Aug/1995	04	8	764	0.010471204188481676	5
2	28/Aug/1995	05	5	872	0.005733944954128441	4
2	28/Aug/1995	06	10	1247	0.00801924619085806	5
2	28/Aug/1995	07	12	1675	0.007164179104477612	9
2	28/Aug/1995	08	11	2163	0.005085529357374018	9
2	28/Aug/1995	09	10	2925	0.003418803418803419	5
2	28/Aug/1995	10	20	2983	0.00670465973851827	11
2	28/Aug/1995	11	25	3398	0.0073572689817539725	9
2	28/Aug/1995	12	33	3675	0.008979591836734694	20
2	28/Aug/1995	13	18	3850	0.004675324675324675	9
2	28/Aug/1995	14	14	3564	0.003928170594837262	9
2	28/Aug/1995	15	29	4449	0.006518318723308609	17
2	28/Aug/1995	16	17	3828	0.004440961337513062	14
2	28/Aug/1995	17	34	3012	0.011288180610889775	8
2	28/Aug/1995	18	12	2187	0.0054869684499314125	8
2	28/Aug/1995	19	10	1893	0.005282620179609086	6
2	28/Aug/1995	20	17	2016	0.008432539682539682	9
2	28/Aug/1995	21	14	2237	0.006258381761287439	9
2	28/Aug/1995	22	17	2000	0.0085	10
2	28/Aug/1995	23	15	2020	0.007425742574257425	9
1	28/Jul/1995	00	7	1528	0.004581151832460733	4
1	28/Jul/1995	01	4	1085	0.003686635944700461	3
1	28/Jul/1995	02	11	978	0.011247443762781187	6
1	28/Jul/1995	03	6	1199	0.0050041701417848205	3
1	28/Jul/1995	04	5	876	0.005707762557077625	3
1	28/Jul/1995	05	2	910	0.002197802197802198	2
1	28/Jul/1995	06	0	1086	0.0	0
1	28/Jul/1995	07	4	1616	0.0024752475247524753	4
1	28/Jul/1995	08	10	2538	0.003940110323089046	7
1	28/Jul/1995	09	12	2741	0.004377964246625319	8
1	28/Jul/1995	10	9	3552	0.002533783783783784	8
1	28/Jul/1995	11	13	3568	0.0036434977578475337	9
1	28/Jul/1995	12	8	3502	0.002284408909194746	4
1	28/Jul/1995	13	2	1904	0.0010504201680672268	1
2	29/Aug/1995	00	15	1571	0.009548058561425843	8
2	29/Aug/1995	01	19	1583	0.012002526847757423	9
2	29/Aug/1995	02	5	899	0.0055617352614015575	4
2	29/Aug/1995	03	10	1189	0.008410428931875526	7
2	29/Aug/1995	04	11	1087	0.010119595216191352	4
2	29/Aug/1995	05	12	1323	0.009070294784580499	7
2	29/Aug/1995	06	1	1393	7.178750897343862E-4	1
2	29/Aug/1995	07	16	2195	0.007289293849658315	8
2	29/Aug/1995	08	13	2641	0.004922377887163953	8
2	29/Aug/1995	09	16	3026	0.005287508261731659	8
2	29/Aug/1995	10	22	4015	0.005479452054794521	11
2	29/Aug/1995	11	19	4269	0.004450691028343875	14
2	29/Aug/1995	12	37	4866	0.007603781339909577	17
2	29/Aug/1995	13	40	5003	0.007995202878273036	19
2	29/Aug/1995	14	19	4826	0.003937007874015748	12
2	29/Aug/1995	15	26	5607	0.004637060816836098	20
2	29/Aug/1995	16	30	4258	0.007045561296383279	18
2	29/Aug/1995	17	24	3359	0.00714498362607919	19
2	29/Aug/1995	18	10	2755	0.003629764065335753	8
2	29/Aug/1995	19	6	2167	0.0027688047992616522	4
2	29/Aug/1995	20	18	2406	0.007481296758104738	9
2	29/Aug/1995	21	18	2786	0.006460875807609476	12
2	29/Aug/1995	22	7	2217	0.0031574199368516014	4
2	29/Aug/1995	23	31	2393	0.012954450480568324	14
2	30/Aug/1995	00	22	1978	0.011122345803842264	12
2	30/Aug/1995	01	8	1118	0.007155635062611807	7
2	30/Aug/1995	02	78	1366	0.05710102489019034	7
2	30/Aug/1995	03	7	1194	0.005862646566164154	4
2	30/Aug/1995	04	7	1355	0.0051660516605166054	4
2	30/Aug/1995	05	7	1160	0.00603448275862069	6
2	30/Aug/1995	06	1	1535	6.514657980456026E-4	1
2	30/Aug/1995	07	5	2355	0.0021231422505307855	4
2	30/Aug/1995	08	20	3932	0.00508646998982706	15
2	30/Aug/1995	09	28	4456	0.0062836624775583485	13
2	30/Aug/1995	10	17	4911	0.0034616167786601505	11
2	30/Aug/1995	11	18	4736	0.003800675675675676	14
2	30/Aug/1995	12	14	4397	0.0031839890834659997	10
2	30/Aug/1995	13	36	5168	0.00696594427244582	18
2	30/Aug/1995	14	27	5187	0.005205320994794679	20
2	30/Aug/1995	15	25	5882	0.004250255015300918	17
2	30/Aug/1995	16	15	5223	0.002871912693854107	10
2	30/Aug/1995	17	40	4389	0.00911369332421964	12
2	30/Aug/1995	18	25	2905	0.008605851979345954	11
2	30/Aug/1995	19	28	3131	0.008942829766847652	16
2	30/Aug/1995	20	31	3428	0.009043173862310384	18
2	30/Aug/1995	21	16	3035	0.005271828665568369	10
2	30/Aug/1995	22	61	3824	0.015951882845188285	20
2	30/Aug/1995	23	51	3508	0.014538198403648802	16
2	31/Aug/1995	00	21	2543	0.008257963035784506	14
2	31/Aug/1995	01	20	2031	0.009847365829640572	11
2	31/Aug/1995	02	13	2213	0.00587437867148667	7
2	31/Aug/1995	03	9	2004	0.004491017964071856	7
2	31/Aug/1995	04	9	2150	0.004186046511627907	6
2	31/Aug/1995	05	10	1971	0.0050735667174023336	8
2	31/Aug/1995	06	12	2671	0.004492699363534257	9
2	31/Aug/1995	07	20	4521	0.004423800044238001	15
2	31/Aug/1995	08	24	4808	0.004991680532445923	11
2	31/Aug/1995	09	25	5587	0.004474673348845534	17
2	31/Aug/1995	10	31	6246	0.004963176432917067	16
2	31/Aug/1995	11	16	6297	0.002540892488486581	14
2	31/Aug/1995	12	24	5579	0.004301846208998029	17
2	31/Aug/1995	13	34	5948	0.0057162071284465365	15
2	31/Aug/1995	14	62	5507	0.011258398402033775	23
2	31/Aug/1995	15	33	5409	0.006100942872989462	17
2	31/Aug/1995	16	15	3883	0.0038629925315477724	11
2	31/Aug/1995	17	22	3722	0.005910800644814616	14
2	31/Aug/1995	18	15	3163	0.00474233322794815	9
2	31/Aug/1995	19	19	2926	0.006493506493506494	12
2	31/Aug/1995	20	13	2737	0.0047497259773474606	9
2	31/Aug/1995	21	44	2460	0.01788617886178862	15
2	31/Aug/1995	22	8	2887	0.0027710426047800486	6
2	31/Aug/1995	23	26	2457	0.010582010582010581	8
