2	01/Aug/1995	200	30657	523879212
2	01/Aug/1995	302	399	29856
2	01/Aug/1995	304	2608	0
2	01/Aug/1995	403	1	0
2	01/Aug/1995	404	242	0
1	01/Jul/1995	200	57846	1605426462
1	01/Jul/1995	302	2566	218397
1	01/Jul/1995	304	3797	0
1	01/Jul/1995	404	314	0
1	02/Jul/1995	200	54339	1521111456
1	02/Jul/1995	302	2370	195795
1	02/Jul/1995	304	3107	0
1	02/Jul/1995	403	5	0
1	02/Jul/1995	404	289	0
2	03/Aug/1995	200	37863	728067614
2	03/Aug/1995	302	670	55734
2	03/Aug/1995	304	2479	0
2	03/Aug/1995	404	299	0
1	03/Jul/1995	200	81181	2076375419
1	03/Jul/1995	302	3121	261797
1	03/Jul/1995	304	4581	0
1	03/Jul/1995	403	2	0
1	03/Jul/1995	404	473	0
1	03/Jul/1995	500	53	0
2	04/Aug/1995	200	54246	1106627127
2	04/Aug/1995	302	847	72819
2	04/Aug/1995	304	4026	0
2	04/Aug/1995	403	1	0
2	04/Aug/1995	404	343	0
1	04/Jul/1995	200	62962	1736815189
1	04/Jul/1995	302	2510	206619
1	04/Jul/1995	304	4507	0
1	04/Jul/1995	403	4	0
1	04/Jul/1995	404	355	0
2	05/Aug/1995	200	29269	611147533
2	05/Aug/1995	302	507	43375
2	05/Aug/1995	304	1811	0
2	05/Aug/1995	403	2	0
2	05/Aug/1995	404	230	0
1	05/Jul/1995	200	84899	2036634994
1	05/Jul/1995	302	3348	282418
1	05/Jul/1995	304	5646	0
1	05/Jul/1995	403	2	0
1	05/Jul/1995	404	491	0
1	05/Jul/1995	501	1	0
2	06/Aug/1995	200	29626	632013751
2	06/Aug/1995	302	551	46098
2	06/Aug/1995	304	1806	0
2	06/Aug/1995	403	1	0
2	06/Aug/1995	404	370	0
1	06/Jul/1995	200	91466	2203211408
1	06/Jul/1995	302	3197	264274
1	06/Jul/1995	304	5475	0
1	06/Jul/1995	403	5	0
1	06/Jul/1995	404	630	0
2	07/Aug/1995	200	51801	951560122
2	07/Aug/1995	302	828	68237
2	07/Aug/1995	304	4119	0
2	07/Aug/1995	403	2	0
2	07/Aug/1995	404	523	0
1	07/Jul/1995	200	78882	1942622390
1	07/Jul/1995	302	2412	182335
1	07/Jul/1995	304	5222	0
1	07/Jul/1995	403	1	0
1	07/Jul/1995	404	563	0
1	07/Jul/1995	501	1	0
2	08/Aug/1995	200	54027	1056957164
2	08/Aug/1995	302	917	77047
2	08/Aug/1995	304	4629	0
2	08/Aug/1995	403	12	0
2	08/Aug/1995	404	374	0
2	08/Aug/1995	500	2	198
1	08/Jul/1995	200	35562	925885569
1	08/Jul/1995	302	701	47998
1	08/Jul/1995	304	2200	0
1	08/Jul/1995	404	299	0
2	09/Aug/1995	200	54304	978641758
2	09/Aug/1995	302	901	74080
2	09/Aug/1995	304	4931	0
2	09/Aug/1995	403	2	0
2	09/Aug/1995	404	277	0
1	09/Jul/1995	200	32024	752158747
1	09/Jul/1995	302	562	33273
1	09/Jul/1995	304	2261	0
1	09/Jul/1995	404	341	0
2	10/Aug/1995	200	54867	1026627015
2	10/Aug/1995	302	914	78723
2	10/Aug/1995	304	4993	0
2	10/Aug/1995	404	312	0
2	10/Aug/1995	501	3	0
1	10/Jul/1995	200	65776	1365475500
1	10/Jul/1995	302	1470	101439
1	10/Jul/1995	304	5018	0
1	10/Jul/1995	404	390	0
1	10/Jul/1995	500	1	0
2	11/Aug/1995	200	55229	1092748770
2	11/Aug/1995	302	892	73452
2	11/Aug/1995	304	4748	0
2	11/Aug/1995	403	9	0
2	11/Aug/1995	404	259	0
2	11/Aug/1995	501	2	0
1	11/Jul/1995	200	71814	1383974099
1	11/Jul/1995	302	1667	125961
1	11/Jul/1995	304	6262	0
1	11/Jul/1995	404	469	0
2	12/Aug/1995	200	33548	691623518
2	12/Aug/1995	302	840	74429
2	12/Aug/1995	304	3389	0
2	12/Aug/1995	403	2	0
2	12/Aug/1995	404	190	0
1	12/Jul/1995	200	80399	1708022887
1	12/Jul/1995	302	2338	187717
1	12/Jul/1995	304	8847	0
1	12/Jul/1995	403	3	0
1	12/Jul/1995	404	459	0
2	13/Aug/1995	200	32529	695209843
2	13/Aug/1995	302	722	64986
2	13/Aug/1995	304	2963	0
2	13/Aug/1995	404	214	0
1	13/Jul/1995	200	114076	2624888914
1	13/Jul/1995	302	4436	366995
1	13/Jul/1995	304	14803	0
1	13/Jul/1995	404	524	0
1	13/Jul/1995	501	2	0
2	14/Aug/1995	200	53917	1080055606
2	14/Aug/1995	302	919	77689
2	14/Aug/1995	304	4653	0
2	14/Aug/1995	403	12	0
2	14/Aug/1995	404	283	0
1	14/Jul/1995	200	75158	1909558416
1	14/Jul/1995	302	2164	171771
1	14/Jul/1995	304	6177	0
1	14/Jul/1995	403	3	0
1	14/Jul/1995	404	407	0
2	15/Aug/1995	200	53312	1049536040
2	15/Aug/1995	302	967	81231
2	15/Aug/1995	304	4162	0
2	15/Aug/1995	404	321	0
1	15/Jul/1995	200	41046	967533925
1	15/Jul/1995	302	1207	95349
1	15/Jul/1995	304	2902	0
1	15/Jul/1995	404	252	0
2	16/Aug/1995	200	51354	986057341
2	16/Aug/1995	302	787	68400
2	16/Aug/1995	304	4170	0
2	16/Aug/1995	403	2	0
2	16/Aug/1995	404	257	0
1	16/Jul/1995	200	43628	1031869717
1	16/Jul/1995	302	1128	88403
1	16/Jul/1995	304	2729	0
1	16/Jul/1995	404	256	0
2	17/Aug/1995	200	52865	1040113132
2	17/Aug/1995	302	896	80061
2	17/Aug/1995	304	4904	0
2	17/Aug/1995	404	265	0
1	17/Jul/1995	200	67587	1422556595
1	17/Jul/1995	302	1541	111572
1	17/Jul/1995	304	5285	0
1	17/Jul/1995	403	1	0
1	17/Jul/1995	404	403	0
1	17/Jul/1995	501	1	0
2	18/Aug/1995	200	50384	901269060
2	18/Aug/1995	302	870	73623
2	18/Aug/1995	304	4679	0
2	18/Aug/1995	404	246	0
2	18/Aug/1995	501	2	0
1	18/Jul/1995	200	57815	1172738347
1	18/Jul/1995	302	1076	79134
1	18/Jul/1995	304	4677	0
1	18/Jul/1995	403	9	0
1	18/Jul/1995	404	463	0
1	18/Jul/1995	500	8	0
1	18/Jul/1995	501	2	0
2	19/Aug/1995	200	28343	577951243
2	19/Aug/1995	302	541	47522
2	19/Aug/1995	304	2957	0
2	19/Aug/1995	403	1	0
2	19/Aug/1995	404	202	0
1	19/Jul/1995	200	65286	1353123243
1	19/Jul/1995	302	1294	100564
1	19/Jul/1995	304	5335	0
1	19/Jul/1995	403	2	0
1	19/Jul/1995	404	636	0
2	20/Aug/1995	200	29150	607410201
2	20/Aug/1995	302	478	42282
2	20/Aug/1995	304	2961	0
2	20/Aug/1995	404	312	0
2	20/Aug/1995	501	8	0
1	20/Jul/1995	200	60034	1199783105
1	20/Jul/1995	302	1151	87783
1	20/Jul/1995	304	4855	0
1	20/Jul/1995	404	427	0
2	21/Aug/1995	200	49762	901079463
2	21/Aug/1995	302	888	74558
2	21/Aug/1995	304	4459	0
2	21/Aug/1995	404	303	0
1	21/Jul/1995	200	58179	1122191352
1	21/Jul/1995	302	1287	99827
1	21/Jul/1995	304	4669	0
1	21/Jul/1995	404	332	0
2	22/Aug/1995	200	52073	937308911
2	22/Aug/1995	302	895	76378
2	22/Aug/1995	304	4377	0
2	22/Aug/1995	403	11	0
2	22/Aug/1995	404	283	0
2	22/Aug/1995	501	2	0
1	22/Jul/1995	200	31817	661340481
1	22/Jul/1995	302	721	57718
1	22/Jul/1995	304	2449	0
1	22/Jul/1995	403	2	0
1	22/Jul/1995	404	180	0
2	23/Aug/1995	200	52099	946141311
2	23/Aug/1995	302	929	79618
2	23/Aug/1995	304	4578	0
2	23/Aug/1995	404	338	0
1	23/Jul/1995	200	36016	760925276
1	23/Jul/1995	302	625	50038
1	23/Jul/1995	304	2216	0
1	23/Jul/1995	404	230	0
2	24/Aug/1995	200	46397	797942656
2	24/Aug/1995	302	810	66586
2	24/Aug/1995	304	4824	0
2	24/Aug/1995	404	419	0
2	24/Aug/1995	501	2	0
1	24/Jul/1995	200	58108	1204560018
1	24/Jul/1995	302	878	59445
1	24/Jul/1995	304	4783	0
1	24/Jul/1995	403	1	0
1	24/Jul/1995	404	324	0
1	24/Jul/1995	501	5	0
2	25/Aug/1995	200	51129	966321946
2	25/Aug/1995	302	865	75589
2	25/Aug/1995	304	4833	0
2	25/Aug/1995	403	29	0
2	25/Aug/1995	404	411	0
1	25/Jul/1995	200	56864	1136197411
1	25/Jul/1995	302	847	57007
1	25/Jul/1995	304	4274	0
1	25/Jul/1995	403	7	0
1	25/Jul/1995	404	458	0
2	26/Aug/1995	200	27808	587910222
2	26/Aug/1995	302	524	47597
2	26/Aug/1995	304	2856	0
2	26/Aug/1995	403	2	0
2	26/Aug/1995	404	362	0
2	26/Aug/1995	501	6	0
1	26/Jul/1995	200	53306	1031430902
1	26/Jul/1995	302	766	57165
1	26/Jul/1995	304	4258	0
1	26/Jul/1995	403	3	0
1	26/Jul/1995	404	319	0
1	26/Jul/1995	501	1	0
2	27/Aug/1995	200	28604	574103590
2	27/Aug/1995	302	561	48434
2	27/Aug/1995	304	3177	0
2	27/Aug/1995	403	47	0
2	27/Aug/1995	404	370	0
1	27/Jul/1995	200	55988	1117010121
1	27/Jul/1995	302	811	62094
1	27/Jul/1995	304	4420	0
1	27/Jul/1995	403	4	0
1	27/Jul/1995	404	334	0
1	27/Jul/1995	501	1	0
2	28/Aug/1995	200	48499	838514536
2	28/Aug/1995	302	992	84363
2	28/Aug/1995	304	5496	0
2	28/Aug/1995	403	1	0
2	28/Aug/1995	404	405	0
1	28/Jul/1995	200	24772	487503627
1	28/Jul/1995	302	347	28166
1	28/Jul/1995	304	1871	0
1	28/Jul/1995	404	93	0
2	29/Aug/1995	200	59072	1083789710
2	29/Aug/1995	302	1293	108577
2	29/Aug/1995	304	7044	0
2	29/Aug/1995	403	12	0
2	29/Aug/1995	404	411	0
2	29/Aug/1995	501	2	0
2	30/Aug/1995	200	68596	1283688635
2	30/Aug/1995	302	1897	164019
2	30/Aug/1995	304	9093	0
2	30/Aug/1995	403	22	0
2	30/Aug/1995	404	564	0
2	30/Aug/1995	500	1	83
2	31/Aug/1995	200	74460	1420703703
2	31/Aug/1995	302	2322	201134
2	31/Aug/1995	304	12413	0
2	31/Aug/1995	404	525	0
